m10_z100_b1	48,5	61,33445
m10_z100_b2	45,4	59,18215
m10_z100_b5	45,5	60,62264
m10_z20_b1	75,4	40,09101
m10_z20_b10	77,3	40,39086
m10_z20_b2	80,3	39,13031
m10_z20_b5	76,1	40,49285
m10_z50_b1	60,7	46,97133
m10_z50_b2	62,3	45,79805
m10_z50_b5	60,6	44,19044
m20_z100_b1	59,8	245,55148
m20_z100_b2	58,3	407,21751
m20_z100_b5	56,2	434,01875
m20_z50_b1	72,3	299,14331
m20_z50_b2	71,2	296,69172
m20_z50_b5	70,7	318,57702
m2_z100_b1	72,2	54,54258
m2_z100_b2	67	55,00289
m2_z100_b5	57,2	55,67316
m2_z20_b1	80	54,27261
m2_z20_b2	77,4	54,77469
m2_z20_b5	73,5	54,5409
m2_z50_b1	78,7	54,41898
m2_z50_b2	76,1	54,8482
m2_z50_b5	67	55,13801
m5_z100_b1	50,6	74,26894
m5_z100_b2	38,8	80,57237
m5_z100_b5	47,3	79,54154
m5_z20_b1	69	61,59987
m5_z20_b2	72	61,45325
m5_z20_b5	61,8	63,15039
m5_z50_b1	53,6	70,33888
m5_z50_b2	52,5	68,76782
m5_z50_b5	51,6	70,66694
