m10_z100_b1	52,2	722,67563
m10_z100_b2	49	743,74157
m10_z100_b5	47,6	750,79931
m10_z20_b1	81,3	503,39686
m10_z20_b2	81,2	528,82766
m10_z20_b5	79,7	522,97057
m10_z50_b1	61,8	623,47245
m10_z50_b2	65,5	614,26799
m10_z50_b5	61	578,2048
m20_z100_b1	58,7	1800,81258
m20_z100_b2	60	1876,4209
m20_z100_b5	56,1	1868,58731
m20_z50_b1	74,1	1366,66431
m20_z50_b2	73,4	1350,89042
m20_z50_b5	72,1	1468,82359
m2_z100_b1	80	357,95163
m2_z100_b2	67	387,21817
m2_z100_b5	66	395,53287
m2_z20_b1	80	366,45785
m2_z20_b2	80	407,64796
m2_z20_b5	80	362,001
m2_z50_b1	80	405,12561
m2_z50_b2	80	389,09422
m2_z50_b5	67	400,90151
m5_z100_b1	53	463,68461
m5_z100_b2	41,1	513,6021
m5_z100_b5	46,7	501,81262
m5_z20_b1	76,6	421,16338
m5_z20_b2	76,8	408,83823
m5_z20_b5	65,8	402,87538
m5_z50_b1	57,6	440,14953
m5_z50_b2	56,2	478,3212
m5_z50_b5	55,8	438,88996
