m10_z100_b1	56,4	275,27576
m10_z100_b2	52,1	320,68495
m10_z100_b5	51,8	296,17328
m10_z20_b1	83,6	176,47749
m10_z20_b2	81,9	164,8017
m10_z20_b5	79,5	171,94974
m10_z50_b1	63,9	223,39108
m10_z50_b2	67,5	216,52244
m10_z50_b5	62,7	265,11064
m20_z100_b1	65	1024,89862
m20_z100_b2	64,4	1015,20723
m20_z100_b5	60,1	1021,30274
m20_z50_b1	76,2	796,35876
m20_z50_b2	77	802,85284
m20_z50_b5	76,9	1028,61305
m2_z100_b1	78,7	79,29994
m2_z100_b2	66	79,72466
m2_z100_b5	61,3	81,99708
m2_z20_b1	78,7	78,38769
m2_z20_b2	78,7	78,81985
m2_z20_b5	78,7	78,58948
m2_z50_b1	80	79,91674
m2_z50_b2	77,4	78,82167
m2_z50_b5	67	79,68711
m5_z100_b1	53,3	129,63088
m5_z100_b2	46,1	150,67293
m5_z100_b5	49,1	137,96229
m5_z20_b1	74,4	100,18406
m5_z20_b2	77,2	97,40837
m5_z20_b5	64,6	97,80922
m5_z50_b1	56	119,17443
m5_z50_b2	57,8	118,06756
m5_z50_b5	59	119,37427
