m10_z100_b1	48,8	166,53273
m10_z100_b2	45,6	161,99004
m10_z100_b5	46,5	163,72592
m10_z20_b1	76,2	105,425
m10_z20_b2	80,2	108,26147
m10_z20_b5	76,2	108,70664
m10_z50_b1	60,4	124,43841
m10_z50_b2	60,1	118,09885
m10_z50_b5	58,4	124,3008
m20_z100_b1	58	464,2716
m20_z100_b2	56,6	450,89202
m20_z100_b5	56,3	498,18145
m20_z50_b1	69,8	334,81535
m20_z50_b2	70	342,7578
m20_z50_b5	70,2	365,53218
m2_z100_b1	77,4	68,958
m2_z100_b2	67	74,88893
m2_z100_b5	60,6	75,62244
m2_z20_b1	78,7	73,14573
m2_z20_b2	78,7	74,86401
m2_z20_b5	78,7	74,91639
m2_z50_b1	80	73,55316
m2_z50_b2	78,7	73,31275
m2_z50_b5	67	71,25143
m5_z100_b1	45,9	94,49589
m5_z100_b2	41,3	104,86279
m5_z100_b5	40,1	99,71191
m5_z20_b1	69,6	79,73511
m5_z20_b2	69	76,6477
m5_z20_b5	62,2	78,61781
m5_z50_b1	51,5	87,51126
m5_z50_b2	51,3	88,6809
m5_z50_b5	52	89,48978
