m10_z100_b1	62	1265,61446
m10_z100_b2	57,4	1241,59554
m10_z100_b5	58,1	1266,81078
m10_z20_b1	89	693,36065
m10_z20_b2	85,4	662,82708
m10_z20_b5	84,8	710,03004
m10_z50_b1	72,2	948,67579
m10_z50_b2	72,6	842,06533
m10_z50_b5	69,9	893,16116
m20_z100_b1	69,6	4569,08291
m20_z100_b2	70,6	4572,75529
m20_z100_b5	66,8	4731,61734
m20_z50_b1	82,4	3306,80378
m20_z50_b2	81,3	3278,56669
m20_z50_b5	82,1	3573,10817
m2_z100_b1	80	312,67543
m2_z100_b2	67	319,36798
m2_z100_b5	62	318,72623
m2_z20_b1	80	307,85337
m2_z20_b2	80	311,18764
m2_z20_b5	78,7	308,51222
m2_z50_b1	78,7	309,88475
m2_z50_b2	80	311,75351
m2_z50_b5	67	333,15056
m5_z100_b1	68,2	497,75442
m5_z100_b2	56	573,66123
m5_z100_b5	55,6	553,07971
m5_z20_b1	80	391,49673
m5_z20_b2	80,4	384,21609
m5_z20_b5	68,8	403,53664
m5_z50_b1	67,8	467,92998
m5_z50_b2	64,6	469,72601
m5_z50_b5	67,4	457,9393
