m10_z100_b1	51,5	136,2716
m10_z100_b2	52	138,42503
m10_z100_b5	46,5	135,68547
m10_z20_b1	78,6	84,22832
m10_z20_b2	78,6	82,33227
m10_z20_b5	79,1	86,45786
m10_z50_b1	59,5	99,43669
m10_z50_b2	62,5	97,22813
m10_z50_b5	58,7	101,24056
m20_z100_b1	58,7	386,38427
m20_z100_b2	58,4	403,51425
m20_z100_b5	56,4	415,8418
m20_z50_b1	72,6	320,05683
m20_z50_b2	72,5	284,2682
m20_z50_b5	71,3	322,91823
m2_z100_b1	76,1	53,26164
m2_z100_b2	66	53,5389
m2_z100_b5	56,3	54,15499
m2_z20_b1	78,7	53,67055
m2_z20_b2	76,1	53,5988
m2_z20_b5	76,1	54,03556
m2_z50_b1	78,7	53,89306
m2_z50_b2	77,4	53,75611
m2_z50_b5	67	54,04404
m5_z100_b1	49,6	74,38744
m5_z100_b2	43,9	82,41154
m5_z100_b5	40	74,69146
m5_z20_b1	69,4	61,34481
m5_z20_b2	71	60,46662
m5_z20_b5	62,4	61,87241
m5_z50_b1	53,1	68,76417
m5_z50_b2	53,7	68,16767
m5_z50_b5	50,9	70,04494
