m10_z100_b1	57,8	1302,66488
m10_z100_b2	53,7	1403,61286
m10_z100_b5	53,7	1389,30579
m10_z20_b1	86,6	932,48695
m10_z20_b2	86,6	915,14324
m10_z20_b5	83,6	988,06667
m10_z50_b1	67,8	1150,43125
m10_z50_b2	71,9	1082,04207
m10_z50_b5	65,8	1063,20106
m20_z100_b1	65,2	4375,1216
m20_z100_b2	64,6	4443,71409
m20_z100_b5	62,1	4313,77699
m20_z50_b1	79,1	4073,8812
m20_z50_b2	76,9	3765,1896
m20_z50_b5	79	4200,4619
m2_z100_b1	80	464,96014
m2_z100_b2	67	494,9261
m2_z100_b5	67	478,17964
m2_z20_b1	80	475,75106
m2_z20_b2	80	528,39723
m2_z20_b5	80	493,23986
m2_z50_b1	80	486,30898
m2_z50_b2	80	473,09295
m2_z50_b5	67	476,16374
m5_z100_b1	58,2	704,60956
m5_z100_b2	51,7	810,30123
m5_z100_b5	53,3	772,61914
m5_z20_b1	79,2	567,06842
m5_z20_b2	83	584,03973
m5_z20_b5	70,8	590,51737
m5_z50_b1	63,6	692,84526
m5_z50_b2	62,8	648,4832
m5_z50_b5	63,4	640,99392
