m10_z100_b1	58,6	1090,66306
m10_z100_b2	56,2	1105,5703
m10_z100_b5	55,6	1135,22467
m10_z20_b1	86	760,29066
m10_z20_b2	86,6	792,2058
m10_z20_b5	82,4	762,25654
m10_z50_b1	67	908,82398
m10_z50_b2	70,2	853,02635
m10_z50_b5	66,2	848,9432
m20_z100_b1	65	3976,77361
m20_z100_b2	65	4022,89365
m20_z100_b5	60,8	4295,00726
m20_z50_b1	76,9	3829,81179
m20_z50_b2	78,4	3685,7993
m20_z50_b5	76,6	4106,90411
m2_z100_b1	80	328,93482
m2_z100_b2	67	333,24607
m2_z100_b5	65	344,85696
m2_z20_b1	80	348,84721
m2_z20_b2	80	339,77831
m2_z20_b5	80	343,38655
m2_z50_b1	80	318,16895
m2_z50_b2	80	335,68821
m2_z50_b5	67	435,98174
m5_z100_b1	62,2	556,69894
m5_z100_b2	50,8	641,71727
m5_z100_b5	53,8	626,28989
m5_z20_b1	80,2	416,80339
m5_z20_b2	79,2	460,94319
m5_z20_b5	70,8	458,35436
m5_z50_b1	64	507,84373
m5_z50_b2	61,4	515,35396
m5_z50_b5	62,8	497,59883
