m10_z100_b1	59,1	398,82293
m10_z100_b2	51	433,90489
m10_z100_b5	55,2	438,65851
m10_z20_b1	83	297,53217
m10_z20_b2	83,6	237,2204
m10_z20_b5	83	245,64462
m10_z50_b1	65,6	301,30293
m10_z50_b2	67,4	296,36128
m10_z50_b5	65,4	302,03447
m20_z100_b1	65,8	1353,12295
m20_z100_b2	67	1420,59123
m20_z100_b5	61,5	1598,74888
m20_z50_b1	80,1	1016,58852
m20_z50_b2	78,6	1063,67017
m20_z50_b5	79,4	1113,60318
m2_z100_b1	77,4	130,28948
m2_z100_b2	67	131,98705
m2_z100_b5	65	134,06328
m2_z20_b1	77,4	131,85842
m2_z20_b2	78,7	129,73326
m2_z20_b5	80	128,47405
m2_z50_b1	80	129,68915
m2_z50_b2	78,7	130,17316
m2_z50_b5	67	132,79948
m5_z100_b1	54,5	192,88289
m5_z100_b2	47,3	215,13925
m5_z100_b5	50,9	256,50199
m5_z20_b1	74,2	155,19894
m5_z20_b2	78	153,79398
m5_z20_b5	67	155,9859
m5_z50_b1	62,8	178,49979
m5_z50_b2	58,3	179,62933
m5_z50_b5	58,6	178,77604
