m10_z100_b1	59,7	1320,23666
m10_z100_b2	54,7	1379,3867
m10_z100_b5	53,6	1393,51081
m10_z20_b1	86,6	968,93034
m10_z20_b2	86,6	928,10397
m10_z20_b5	84,8	908,5178
m10_z50_b1	66,6	1104,33234
m10_z50_b2	70,2	1077,31602
m10_z50_b5	67,8	1068,44406
m20_z100_b1	63,6	4314,43994
m20_z100_b2	65,6	4612,67173
m20_z100_b5	62,8	4383,80355
m20_z50_b1	79,4	3920,73927
m20_z50_b2	79,1	3924,59758
m20_z50_b5	78,2	4228,82762
m2_z100_b1	80	462,29978
m2_z100_b2	67	472,13517
m2_z100_b5	67	462,24158
m2_z20_b1	80	449,3382
m2_z20_b2	80	504,21634
m2_z20_b5	80	455,20221
m2_z50_b1	80	452,09303
m2_z50_b2	80	448,9061
m2_z50_b5	67	476,08007
m5_z100_b1	57,6	716,16251
m5_z100_b2	49,5	804,00176
m5_z100_b5	55,2	738,17406
m5_z20_b1	82	548,52203
m5_z20_b2	82	543,91473
m5_z20_b5	69,4	558,682
m5_z50_b1	62,2	632,14604
m5_z50_b2	63	622,54895
m5_z50_b5	63,4	624,66932
