m10_z100_b1	49,9	355,78605
m10_z100_b2	47,6	396,31421
m10_z100_b5	45,4	372,90339
m10_z20_b1	78,6	261,10973
m10_z20_b2	80,1	259,43814
m10_z20_b5	76	329,31354
m10_z50_b1	62,7	291,95213
m10_z50_b2	62,5	286,24502
m10_z50_b5	60	292,41024
m20_z100_b1	59,3	892,81211
m20_z100_b2	57,7	910,01365
m20_z100_b5	55,5	1011,03139
m20_z50_b1	70,6	718,26621
m20_z50_b2	70,4	706,41587
m20_z50_b5	70,2	798,40706
m2_z100_b1	78,7	190,42214
m2_z100_b2	67	187,40767
m2_z100_b5	61	186,51949
m2_z20_b1	80	266,02503
m2_z20_b2	80	229,88215
m2_z20_b5	80	240,15134
m2_z50_b1	80	201,589
m2_z50_b2	80	198,21009
m2_z50_b5	67	191,45438
m5_z100_b1	49,1	243,84871
m5_z100_b2	38	272,5385
m5_z100_b5	46	260,6508
m5_z20_b1	72,2	206,62133
m5_z20_b2	74	210,23649
m5_z20_b5	64,8	215,45258
m5_z50_b1	52,1	225,35717
m5_z50_b2	54,8	227,6177
m5_z50_b5	53,7	224,7551
