m10_z100_b1	60	2110,26942
m10_z100_b2	57,1	2237,60903
m10_z100_b5	56,5	2404,93446
m10_z20_b1	87,2	1413,63181
m10_z20_b2	86,6	1402,66587
m10_z20_b5	86	1402,0846
m10_z50_b1	68,3	1931,93685
m10_z50_b2	71,4	1865,45036
m10_z50_b5	69,4	1695,78848
m20_z100_b1	68,8	9086,29251
m20_z100_b2	68,6	9176,79646
m20_z100_b5	66,4	9332,94387
m20_z50_b1	82,5	7233,71806
m20_z50_b2	79,9	6967,56317
m20_z50_b5	81	7662,04224
m2_z100_b1	80	534,26514
m2_z100_b2	67	547,05002
m2_z100_b5	67	579,03808
m2_z20_b1	80	539,46198
m2_z20_b2	80	543,08814
m2_z20_b5	80	538,7084
m2_z50_b1	80	617,63121
m2_z50_b2	80	555,70015
m2_z50_b5	67	588,15682
m5_z100_b1	64,6	1045,97914
m5_z100_b2	56,6	1078,29643
m5_z100_b5	58,6	1075,18737
m5_z20_b1	83	770,15049
m5_z20_b2	84	809,21188
m5_z20_b5	70,2	737,83367
m5_z50_b1	67	915,76967
m5_z50_b2	67,2	880,25377
m5_z50_b5	65,2	896,79996
