m10_z100_b1	51,9	346,71451
m10_z100_b2	49,8	358,73968
m10_z100_b5	50,4	405,92303
m10_z20_b1	82,5	262,52925
m10_z20_b2	81,2	260,50488
m10_z20_b5	80,7	258,16335
m10_z50_b1	63,7	288,36671
m10_z50_b2	68,2	276,70181
m10_z50_b5	64	277,97437
m20_z100_b1	59,6	1093,42569
m20_z100_b2	60,1	1039,32618
m20_z100_b5	58,5	1091,20296
m20_z50_b1	74,8	903,48457
m20_z50_b2	73,1	891,97571
m20_z50_b5	73,4	1029,04477
m2_z100_b1	80	120,30791
m2_z100_b2	67	122,92757
m2_z100_b5	66	126,01355
m2_z20_b1	80	122,56818
m2_z20_b2	80	132,9786
m2_z20_b5	80	126,39079
m2_z50_b1	80	120,82218
m2_z50_b2	77,4	120,08241
m2_z50_b5	67	124,88286
m5_z100_b1	52,9	185,04903
m5_z100_b2	39,9	206,53754
m5_z100_b5	46,4	191,19151
m5_z20_b1	77,4	149,66762
m5_z20_b2	78,4	149,74047
m5_z20_b5	68,8	157,22799
m5_z50_b1	60,4	177,69154
m5_z50_b2	56,6	175,10358
m5_z50_b5	55,9	173,47358
