m10_z100_b1	49,8	166,17885
m10_z100_b2	51,6	204,19495
m10_z100_b5	49,1	187,62818
m10_z20_b1	82	121,02794
m10_z20_b2	80,8	122,93306
m10_z20_b5	80,2	108,88409
m10_z50_b1	62,2	126,64525
m10_z50_b2	66,6	130,56968
m10_z50_b5	63	128,94479
m20_z100_b1	62,1	627,79652
m20_z100_b2	60,6	612,9074
m20_z100_b5	57,9	572,89371
m20_z50_b1	75,7	452,45654
m20_z50_b2	74,7	459,63707
m20_z50_b5	74,2	486,35503
m2_z100_b1	73,5	60,35325
m2_z100_b2	67	84,06146
m2_z100_b5	57,3	66,47016
m2_z20_b1	74,8	62,24407
m2_z20_b2	77,4	62,30865
m2_z20_b5	74,8	62,82388
m2_z50_b1	78,7	60,71607
m2_z50_b2	73,1	71,17471
m2_z50_b5	67	70,89375
m5_z100_b1	53,5	106,03713
m5_z100_b2	46,2	110,93648
m5_z100_b5	48,7	98,75823
m5_z20_b1	67,8	72,78156
m5_z20_b2	75,4	74,01043
m5_z20_b5	68	86,31226
m5_z50_b1	54,6	83,60777
m5_z50_b2	53,7	80,59705
m5_z50_b5	53,2	82,47617
