m10_z100_b1	51,9	244,862
m10_z100_b2	50,2	239,12887
m10_z100_b5	51,7	242,05592
m10_z20_b1	80,7	160,33388
m10_z20_b2	80,7	190,09927
m10_z20_b5	80,1	153,89414
m10_z50_b1	63,2	182,03165
m10_z50_b2	65,2	175,33327
m10_z50_b5	62,1	173,11113
m20_z100_b1	59,1	660,26189
m20_z100_b2	60,8	699,45194
m20_z100_b5	56,7	703,30236
m20_z50_b1	73,9	592,44607
m20_z50_b2	72,6	617,48524
m20_z50_b5	71,4	621,01967
m2_z100_b1	80	83,10755
m2_z100_b2	67	84,56601
m2_z100_b5	58,2	85,45489
m2_z20_b1	80	81,86952
m2_z20_b2	80	82,43494
m2_z20_b5	80	82,88609
m2_z50_b1	78,7	86,33567
m2_z50_b2	78,7	85,0758
m2_z50_b5	67	84,44069
m5_z100_b1	47,4	122,03112
m5_z100_b2	46	142,09675
m5_z100_b5	43,5	131,03354
m5_z20_b1	73,4	102,54269
m5_z20_b2	72,8	99,93315
m5_z20_b5	64,6	100,09632
m5_z50_b1	57,4	115,05465
m5_z50_b2	54,3	112,68431
m5_z50_b5	56	111,59237
