m10_z100_b1	52,7	650,45826
m10_z100_b2	51,6	692,79345
m10_z100_b5	51,1	736,96922
m10_z20_b1	84,2	432,5951
m10_z20_b2	83	433,02239
m10_z20_b5	80	452,59688
m10_z50_b1	63,8	536,05536
m10_z50_b2	67,1	504,82004
m10_z50_b5	64,2	539,12159
m20_z100_b1	60,2	1855,01272
m20_z100_b2	61,8	1798,52263
m20_z100_b5	60,6	1931,76205
m20_z50_b1	77	1423,44348
m20_z50_b2	73,9	1397,29189
m20_z50_b5	75,5	1473,50979
m2_z100_b1	80	321,31847
m2_z100_b2	67	266,35788
m2_z100_b5	65	261,47375
m2_z20_b1	80	256,83072
m2_z20_b2	78,7	256,94303
m2_z20_b5	80	256,31254
m2_z50_b1	80	302,96592
m2_z50_b2	80	258,12214
m2_z50_b5	67	258,78928
m5_z100_b1	52,5	340,06901
m5_z100_b2	43,6	393,87603
m5_z100_b5	51,4	366,68263
m5_z20_b1	75	289,45021
m5_z20_b2	76,4	288,12272
m5_z20_b5	68,6	292,6067
m5_z50_b1	60,8	318,19781
m5_z50_b2	60,6	315,56489
m5_z50_b5	55,7	314,71649
