m10_z100_b1	54,9	411,46305
m10_z100_b2	54,1	466,73884
m10_z100_b5	54,6	423,21242
m10_z20_b1	83,7	236,86886
m10_z20_b2	83,6	230,17037
m10_z20_b5	82,4	238,94949
m10_z50_b1	64	312,56135
m10_z50_b2	69	291,64588
m10_z50_b5	66,2	327,29624
m20_z100_b1	66	1602,0685
m20_z100_b2	65,3	1483,66896
m20_z100_b5	61,6	1394,8691
m20_z50_b1	77,7	1087,58649
m20_z50_b2	78,1	1076,60935
m20_z50_b5	78,2	1123,93492
m2_z100_b1	76,1	130,65514
m2_z100_b2	67	131,18305
m2_z100_b5	61	134,93532
m2_z20_b1	80	131,4974
m2_z20_b2	77,4	136,72938
m2_z20_b5	80	189,88246
m2_z50_b1	80	131,88952
m2_z50_b2	78,7	134,20442
m2_z50_b5	67	137,18502
m5_z100_b1	58,9	189,92415
m5_z100_b2	46,6	215,97575
m5_z100_b5	51,2	198,39686
m5_z20_b1	73,4	155,51888
m5_z20_b2	77,4	153,69201
m5_z20_b5	71	156,24032
m5_z50_b1	64	183,76091
m5_z50_b2	61	180,11135
m5_z50_b5	60,6	180,45795
