m10_z100_b1	60,3	991,3768
m10_z100_b2	55,1	976,4458
m10_z100_b5	55,3	1034,08033
m10_z20_b1	84,2	658,75223
m10_z20_b2	83	617,9193
m10_z20_b5	80,6	665,21551
m10_z50_b1	67,4	798,63174
m10_z50_b2	70,2	791,44949
m10_z50_b5	65,8	747,56666
m20_z100_b1	64,6	3616,89311
m20_z100_b2	65,6	3794,19981
m20_z100_b5	61,4	3771,9417
m20_z50_b1	78,3	3421,44931
m20_z50_b2	76,2	3278,58837
m20_z50_b5	76,3	3870,21
m2_z100_b1	80	252,85611
m2_z100_b2	67	242,2888
m2_z100_b5	64	253,90795
m2_z20_b1	80	236,78899
m2_z20_b2	80	235,25277
m2_z20_b5	80	238,22515
m2_z50_b1	80	239,14792
m2_z50_b2	80	300,68135
m2_z50_b5	67	248,48846
m5_z100_b1	59,4	436,08783
m5_z100_b2	53,2	503,49268
m5_z100_b5	52,6	477,34568
m5_z20_b1	77,2	330,90547
m5_z20_b2	78	321,78051
m5_z20_b5	68,8	331,38166
m5_z50_b1	63,4	395,48823
m5_z50_b2	62,4	402,00346
m5_z50_b5	61	395,56062
