m10_z100_b1	48,6	61,35549
m10_z100_b2	45,8	61,03093
m10_z100_b5	46,2	71,96363
m10_z20_b1	75,7	40,93561
m10_z20_b10	75,6	38,78649
m10_z20_b2	80,2	40,29896
m10_z20_b5	76,1	40,8993
m10_z50_b1	59,9	45,53017
m10_z50_b2	61,6	47,67494
m10_z50_b5	59,8	49,39763
m20_z100_b1	58,8	275,52247
m20_z100_b2	58,8	416,66601
m20_z100_b5	57,3	397,71829
m20_z50_b1	73,8	310,09689
m20_z50_b2	70,7	285,62763
m20_z50_b5	71,1	351,95362
m2_z100_b1	74,8	53,98098
m2_z100_b2	67	54,52821
m2_z100_b5	57,6	55,7367
m2_z20_b1	80	54,62846
m2_z20_b2	74,8	54,7132
m2_z20_b5	78,7	54,57596
m2_z50_b1	78,7	54,29328
m2_z50_b2	78,7	53,96825
m2_z50_b5	67	54,99957
m5_z100_b1	47,5	73,291
m5_z100_b2	44	89,90642
m5_z100_b5	40,6	76,48763
m5_z20_b1	70,4	61,0441
m5_z20_b2	71,4	60,73986
m5_z20_b5	66	62,15849
m5_z50_b1	54,6	71,69183
m5_z50_b2	54	69,28978
m5_z50_b5	49,7	68,95686
