m10_z100_b1	53,4	643,21699
m10_z100_b2	51,9	674,26
m10_z100_b5	50,5	806,21073
m10_z20_b1	86	479,88744
m10_z20_b2	84,8	406,51738
m10_z20_b5	79,2	411,35144
m10_z50_b1	66,3	482,31502
m10_z50_b2	67,2	466,22297
m10_z50_b5	64,5	503,64684
m20_z100_b1	62,4	1680,2012
m20_z100_b2	62,7	1810,56216
m20_z100_b5	58,8	1833,55427
m20_z50_b1	76,8	1382,98147
m20_z50_b2	75,4	1347,91514
m20_z50_b5	76	1463,06738
m2_z100_b1	80	301,55396
m2_z100_b2	67	303,67352
m2_z100_b5	65	323,83508
m2_z20_b1	80	293,10909
m2_z20_b2	80	289,99668
m2_z20_b5	78,7	290,51707
m2_z50_b1	80	284,23297
m2_z50_b2	80	303,2522
m2_z50_b5	67	299,86284
m5_z100_b1	52,9	464,29347
m5_z100_b2	49,2	482,79253
m5_z100_b5	50,9	422,23667
m5_z20_b1	77,2	344,34201
m5_z20_b2	79,6	357,51578
m5_z20_b5	68,4	332,09491
m5_z50_b1	57	356,6687
m5_z50_b2	57	368,22223
m5_z50_b5	58	365,04505
