m10_z100_b1	53,5	465,30456
m10_z100_b2	51,6	503,69805
m10_z100_b5	50,2	497,92151
m10_z20_b1	83	323,64955
m10_z20_b2	81,8	396,99539
m10_z20_b5	83	331,79569
m10_z50_b1	63,5	376,2773
m10_z50_b2	67,4	385,68663
m10_z50_b5	65,2	398,98034
m20_z100_b1	63,4	1518,60028
m20_z100_b2	62,9	1473,10946
m20_z100_b5	59,9	1651,50858
m20_z50_b1	75,4	1312,15496
m20_z50_b2	76	1329,67381
m20_z50_b5	76,3	1457,18714
m2_z100_b1	78,7	169,53492
m2_z100_b2	67	186,75324
m2_z100_b5	65	175,1419
m2_z20_b1	80	170,79526
m2_z20_b2	80	197,46806
m2_z20_b5	80	177,79941
m2_z50_b1	80	179,08463
m2_z50_b2	78,7	187,16307
m2_z50_b5	67	182,75
m5_z100_b1	56,4	289,63089
m5_z100_b2	45,9	299,48738
m5_z100_b5	49,9	289,3393
m5_z20_b1	77,4	233,2141
m5_z20_b2	80	213,22446
m5_z20_b5	68,8	223,29063
m5_z50_b1	58	249,08495
m5_z50_b2	57,4	245,04152
m5_z50_b5	56	242,71979
