m10_z100_b1	53,8	279,19662
m10_z100_b2	54,4	298,18166
m10_z100_b5	52,3	328,48027
m10_z20_b1	84,8	202,71109
m10_z20_b2	81,8	173,89876
m10_z20_b5	81,8	171,28848
m10_z50_b1	65,7	209,90253
m10_z50_b2	66,2	213,82369
m10_z50_b5	62,8	227,05233
m20_z100_b1	64,6	1058,33153
m20_z100_b2	63,4	1028,56179
m20_z100_b5	61,1	1013,17807
m20_z50_b1	77,1	839,16103
m20_z50_b2	76,7	770,21626
m20_z50_b5	75,3	912,84993
m2_z100_b1	72,2	78,49021
m2_z100_b2	67	79,24217
m2_z100_b5	63	83,62614
m2_z20_b1	77,4	88,7458
m2_z20_b2	77,4	89,85685
m2_z20_b5	77,4	88,24181
m2_z50_b1	78,7	90,5588
m2_z50_b2	78,7	91,17289
m2_z50_b5	67	93,78848
m5_z100_b1	56,9	130,4949
m5_z100_b2	46,7	147,09261
m5_z100_b5	45,8	140,7871
m5_z20_b1	73,6	98,33649
m5_z20_b2	75,8	96,0907
m5_z20_b5	66,4	99,6202
m5_z50_b1	59	114,33874
m5_z50_b2	61	114,166
m5_z50_b5	57	115,66023
