m10_z100_b1	56	532,29763
m10_z100_b2	52,5	564,6368
m10_z100_b5	53,1	548,55885
m10_z20_b1	81,8	359,18783
m10_z20_b2	84,2	364,72335
m10_z20_b5	81,8	371,83649
m10_z50_b1	67	449,03469
m10_z50_b2	71	425,85917
m10_z50_b5	65	473,01397
m20_z100_b1	62,8	1854,55912
m20_z100_b2	62,6	1908,82554
m20_z100_b5	60	1925,89627
m20_z50_b1	75,1	1643,70407
m20_z50_b2	74,5	1587,7002
m20_z50_b5	75,2	1785,97059
m2_z100_b1	80	153,92684
m2_z100_b2	67	158,82671
m2_z100_b5	65	169,08158
m2_z20_b1	80	155,42438
m2_z20_b2	78,7	153,69503
m2_z20_b5	78,7	154,88191
m2_z50_b1	80	155,92684
m2_z50_b2	78,7	168,17304
m2_z50_b5	67	165,5896
m5_z100_b1	59,2	340,78971
m5_z100_b2	46,1	305,64011
m5_z100_b5	51,7	292,46632
m5_z20_b1	77,6	204,43212
m5_z20_b2	76,4	206,61596
m5_z20_b5	71	219,75953
m5_z50_b1	57,3	230,4997
m5_z50_b2	62,2	259,51611
m5_z50_b5	58,2	258,62995
