m10_z100_b1	57,2	686,37904
m10_z100_b2	52,5	754,15455
m10_z100_b5	53	739,12092
m10_z20_b1	84,8	436,23772
m10_z20_b2	83,6	444,0853
m10_z20_b5	83	428,49074
m10_z50_b1	66,6	563,74006
m10_z50_b2	72,2	487,15628
m10_z50_b5	65,6	501,91335
m20_z100_b1	65,2	2263,39799
m20_z100_b2	65	2277,74825
m20_z100_b5	61,8	2264,70345
m20_z50_b1	78,3	1918,9647
m20_z50_b2	77,6	2018,28723
m20_z50_b5	76,9	2172,16469
m2_z100_b1	78,7	222,39272
m2_z100_b2	67	210,23277
m2_z100_b5	66	215,97391
m2_z20_b1	80	208,49978
m2_z20_b2	80	209,59487
m2_z20_b5	80	207,36751
m2_z50_b1	80	284,22021
m2_z50_b2	80	208,76137
m2_z50_b5	67	210,68701
m5_z100_b1	59,4	322,56014
m5_z100_b2	47,1	357,79687
m5_z100_b5	51	351,06734
m5_z20_b1	79,4	263,58563
m5_z20_b2	82,2	253,01707
m5_z20_b5	69,4	268,8423
m5_z50_b1	60,6	301,2693
m5_z50_b2	61,8	297,01515
m5_z50_b5	60,4	303,02962
