m10_z100_b1	58,1	1132,38017
m10_z100_b2	54,3	1223,10967
m10_z100_b5	54,8	1263,3344
m10_z20_b1	86,6	758,5434
m10_z20_b2	83,6	721,0304
m10_z20_b5	82,4	746,05287
m10_z50_b1	67,4	922,12501
m10_z50_b2	70,6	875,3893
m10_z50_b5	67	948,37444
m20_z100_b1	66,8	3979,7138
m20_z100_b2	64,8	4084,69991
m20_z100_b5	62,2	3956,78341
m20_z50_b1	79,2	3666,96547
m20_z50_b2	77,9	3404,88784
m20_z50_b5	76,3	3878,02985
m2_z100_b1	80	321,82537
m2_z100_b2	67	354,34634
m2_z100_b5	66	354,48528
m2_z20_b1	80	318,58133
m2_z20_b2	80	321,10846
m2_z20_b5	80	392,39035
m2_z50_b1	80	340,19533
m2_z50_b2	80	319,35577
m2_z50_b5	67	329,75473
m5_z100_b1	60	535,17561
m5_z100_b2	52,9	582,40068
m5_z100_b5	53,5	586,87439
m5_z20_b1	79	459,98534
m5_z20_b2	78,6	417,36576
m5_z20_b5	70	449,05554
m5_z50_b1	67,8	513,52021
m5_z50_b2	64	555,84457
m5_z50_b5	62,2	554,82638
