m10_z100_b1	49,9	739,31897
m10_z100_b2	48,9	891,59979
m10_z100_b5	47,7	772,33732
m10_z20_b1	82,4	509,74281
m10_z20_b2	80,2	493,62639
m10_z20_b5	80,6	515,85619
m10_z50_b1	62,4	582,32972
m10_z50_b2	65,5	551,03763
m10_z50_b5	61	625,8342
m20_z100_b1	60,1	1806,98125
m20_z100_b2	60,4	1863,34363
m20_z100_b5	57,4	1873,39077
m20_z50_b1	73,3	1415,84737
m20_z50_b2	72,9	1341,48879
m20_z50_b5	71,4	1488,39973
m2_z100_b1	80	353,97832
m2_z100_b2	67	372,03201
m2_z100_b5	61,7	366,94151
m2_z20_b1	80	359,22896
m2_z20_b2	80	389,97055
m2_z20_b5	80	360,68113
m2_z50_b1	80	367,25598
m2_z50_b2	80	370,27772
m2_z50_b5	67	366,67919
m5_z100_b1	54,1	494,33203
m5_z100_b2	43,5	533,58687
m5_z100_b5	44,1	477,78836
m5_z20_b1	74,8	396,36865
m5_z20_b2	73,4	441,00535
m5_z20_b5	68,4	403,80318
m5_z50_b1	57,6	450,80211
m5_z50_b2	56,2	448,30312
m5_z50_b5	57	446,83074
