m10_z100_b1	48,2	185,66328
m10_z100_b2	46	202,78207
m10_z100_b5	47,2	194,85885
m10_z20_b1	77,5	184,28696
m10_z20_b2	77	130,02848
m10_z20_b5	79,6	132,51888
m10_z50_b1	59,7	153,5036
m10_z50_b2	62,2	149,95404
m10_z50_b5	57,9	157,72319
m20_z100_b1	58,5	472,71865
m20_z100_b2	57,2	469,82143
m20_z100_b5	55,4	492,06989
m20_z50_b1	71,6	367,03335
m20_z50_b2	70	336,27047
m20_z50_b5	68,8	380,45757
m2_z100_b1	80	95,93438
m2_z100_b2	67	93,50138
m2_z100_b5	62	98,33
m2_z20_b1	80	95,55915
m2_z20_b2	80	97,36508
m2_z20_b5	78,7	97,9592
m2_z50_b1	78,7	100,83864
m2_z50_b2	80	98,60633
m2_z50_b5	67	98,14943
m5_z100_b1	47,4	121,72886
m5_z100_b2	37,4	142,16598
m5_z100_b5	41,5	132,35926
m5_z20_b1	72	104,50253
m5_z20_b2	72	106,30554
m5_z20_b5	61,6	113,09138
m5_z50_b1	52,8	124,29677
m5_z50_b2	52,8	126,80528
m5_z50_b5	52,1	123,39254
