m10_z100_b1	58,1	1108,57878
m10_z100_b2	56	1196,61982
m10_z100_b5	55,8	1117,66642
m10_z20_b1	85,4	700,01688
m10_z20_b2	83,6	674,94473
m10_z20_b5	85,4	694,08825
m10_z50_b1	69,4	854,12002
m10_z50_b2	71,8	885,83403
m10_z50_b5	67	835,74695
m20_z100_b1	66,2	4481,87771
m20_z100_b2	65,8	5656,96832
m20_z100_b5	65	5728,44852
m20_z50_b1	80,8	3781,45433
m20_z50_b2	78,9	3821,7207
m20_z50_b5	79,5	4015,32633
m2_z100_b1	80	308,05537
m2_z100_b2	67	320,5557
m2_z100_b5	66	304,69308
m2_z20_b1	80	267,39351
m2_z20_b2	80	314,71254
m2_z20_b5	78,7	289,71491
m2_z50_b1	80	286,24008
m2_z50_b2	80	281,27542
m2_z50_b5	67	291,47792
m5_z100_b1	62,4	512,27364
m5_z100_b2	49,2	556,85849
m5_z100_b5	55,8	537,56443
m5_z20_b1	75,6	436,1287
m5_z20_b2	80,2	372,21182
m5_z20_b5	70,8	376,64046
m5_z50_b1	67,2	440,24525
m5_z50_b2	63,4	448,96025
m5_z50_b5	62,2	435,49416
