m10_z100_b1	62,2	2169,01828
m10_z100_b2	57,9	2462,69222
m10_z100_b5	57	2306,75137
m10_z20_b1	87,2	1433,58264
m10_z20_b2	86,6	1432,4413
m10_z20_b5	86	1561,31118
m10_z50_b1	70,6	1820,04496
m10_z50_b2	71,3	1787,1024
m10_z50_b5	69,4	1799,77641
m20_z100_b1	68,2	9223,78842
m20_z100_b2	69,4	9483,15354
m20_z100_b5	63,6	9233,22238
m20_z50_b1	81,4	6490,87209
m20_z50_b2	80,4	7278,20214
m20_z50_b5	82,7	8448,07664
m2_z100_b1	80	638,37146
m2_z100_b2	67	557,78063
m2_z100_b5	67	556,1924
m2_z20_b1	80	527,31789
m2_z20_b2	80	534,50406
m2_z20_b5	80	533,48775
m2_z50_b1	80	539,62943
m2_z50_b2	80	536,15108
m2_z50_b5	67	571,31973
m5_z100_b1	64,2	987,59742
m5_z100_b2	59,2	1152,88922
m5_z100_b5	58	1138,09337
m5_z20_b1	81	730,15701
m5_z20_b2	84	725,81066
m5_z20_b5	71,6	749,66292
m5_z50_b1	69	923,82671
m5_z50_b2	63,4	856,56558
m5_z50_b5	65,8	938,64178
