m10_z100_b1	59,8	1075,72816
m10_z100_b2	55,1	1196,02207
m10_z100_b5	52,3	1205,27431
m10_z20_b1	87,2	704,29953
m10_z20_b2	85,4	675,17027
m10_z20_b5	81,8	707,13174
m10_z50_b1	69,4	900,0166
m10_z50_b2	71	856,16843
m10_z50_b5	68,6	832,18314
m20_z100_b1	68,8	4277,4397
m20_z100_b2	66,2	4427,63613
m20_z100_b5	63,1	4330,23449
m20_z50_b1	80,1	3680,27899
m20_z50_b2	79,9	3675,59804
m20_z50_b5	79	4064,84328
m2_z100_b1	80	290,16558
m2_z100_b2	67	290,48439
m2_z100_b5	65	288,75789
m2_z20_b1	80	279,16178
m2_z20_b2	80	275,89395
m2_z20_b5	80	317,76103
m2_z50_b1	80	306,85817
m2_z50_b2	80	284,63518
m2_z50_b5	67	287,60465
m5_z100_b1	61,6	488,96795
m5_z100_b2	50,3	581,01078
m5_z100_b5	54,8	519,6633
m5_z20_b1	80	366,74132
m5_z20_b2	80	369,22126
m5_z20_b5	71,2	367,83087
m5_z50_b1	66,4	444,84848
m5_z50_b2	64	447,65367
m5_z50_b5	64	445,37572
