m10_z100_b1	60,3	2009,73376
m10_z100_b2	56,2	2349,48566
m10_z100_b5	57,7	2180,28777
m10_z20_b1	87,2	1288,86255
m10_z20_b2	85,4	1310,91589
m10_z20_b5	83,6	1293,38385
m10_z50_b1	68,6	1575,41704
m10_z50_b2	71,4	1478,81584
m10_z50_b5	69,8	1589,69144
m20_z100_b1	68,6	8312,0139
m20_z100_b2	66,6	8348,14458
m20_z100_b5	61,9	8495,85051
m20_z50_b1	80,2	6917,80101
m20_z50_b2	79,3	6696,54941
m20_z50_b5	81	7930,28317
m2_z100_b1	80	451,00056
m2_z100_b2	67	514,76178
m2_z100_b5	67	516,09802
m2_z20_b1	80	448,83826
m2_z20_b2	80	447,14289
m2_z20_b5	80	441,93079
m2_z50_b1	80	465,77243
m2_z50_b2	80	456,12413
m2_z50_b5	67	489,39294
m5_z100_b1	60,8	782,08841
m5_z100_b2	54,1	943,54713
m5_z100_b5	55,2	935,10451
m5_z20_b1	80	629,04002
m5_z20_b2	83	615,0208
m5_z20_b5	70,2	632,15649
m5_z50_b1	66,4	776,413
m5_z50_b2	64,2	753,76446
m5_z50_b5	63,4	894,92444
