m10_z100_b1	57,5	1125,34292
m10_z100_b2	54,9	1204,01619
m10_z100_b5	53,7	1235,27083
m10_z20_b1	86	768,13123
m10_z20_b2	84,2	747,30488
m10_z20_b5	84,2	816,14742
m10_z50_b1	67,8	838,98753
m10_z50_b2	69	863,96053
m10_z50_b5	67,4	877,6821
m20_z100_b1	65,8	4033,81471
m20_z100_b2	65,6	4164,42691
m20_z100_b5	61,8	4005,2997
m20_z50_b1	78,7	3613,21351
m20_z50_b2	77,4	3416,3355
m20_z50_b5	76,6	3732,4648
m2_z100_b1	80	310,22729
m2_z100_b2	67	322,95703
m2_z100_b5	64	332,87864
m2_z20_b1	80	328,7264
m2_z20_b2	80	355,45182
m2_z20_b5	80	385,38484
m2_z50_b1	80	389,11817
m2_z50_b2	80	477,56963
m2_z50_b5	67	372,88789
m5_z100_b1	61	504,57717
m5_z100_b2	55,2	556,32977
m5_z100_b5	54	536,82892
m5_z20_b1	79	394,16216
m5_z20_b2	78	432,41854
m5_z20_b5	69,4	421,01684
m5_z50_b1	64,6	493,82174
m5_z50_b2	64	493,13294
m5_z50_b5	61,2	497,98793
