m10_z100_b1	60,3	2182,6288
m10_z100_b2	56,5	2273,64326
m10_z100_b5	57,1	2299,96379
m10_z20_b1	86	1452,10039
m10_z20_b2	86,6	1409,37663
m10_z20_b5	84,2	1531,0746
m10_z50_b1	68,2	1850,82979
m10_z50_b2	72,6	1671,50655
m10_z50_b5	68,2	1631,69049
m20_z100_b1	68,2	8283,16908
m20_z100_b2	68	8510,07352
m20_z100_b5	64	8319,82035
m20_z50_b1	80	7143,52421
m20_z50_b2	79,9	6850,87194
m20_z50_b5	80,2	7494,32248
m2_z100_b1	80	625,98019
m2_z100_b2	67	629,09835
m2_z100_b5	67	658,96396
m2_z20_b1	80	605,09978
m2_z20_b2	80	619,73393
m2_z20_b5	80	650,95933
m2_z50_b1	80	607,25408
m2_z50_b2	80	613,93871
m2_z50_b5	67	628,57192
m5_z100_b1	63,4	998,66971
m5_z100_b2	53,6	1140,38315
m5_z100_b5	59	1087,53741
m5_z20_b1	81,2	904,79632
m5_z20_b2	82	780,21358
m5_z20_b5	70	791,25162
m5_z50_b1	65,8	915,16929
m5_z50_b2	65,2	960,66025
m5_z50_b5	64	948,50937
