m10_z100_b1	56,8	645,81064
m10_z100_b2	51,8	719,56308
m10_z100_b5	52,3	690,79738
m10_z20_b1	86,6	441,60839
m10_z20_b2	85,4	441,82278
m10_z20_b5	81,8	445,1494
m10_z50_b1	67	526,0437
m10_z50_b2	69	488,64003
m10_z50_b5	66,2	508,21638
m20_z100_b1	65,8	2258,25634
m20_z100_b2	63	2279,95925
m20_z100_b5	61,9	2304,77443
m20_z50_b1	77,9	1931,88815
m20_z50_b2	78,2	1867,66029
m20_z50_b5	77,7	2135,8745
m2_z100_b1	80	198,74054
m2_z100_b2	67	201,73316
m2_z100_b5	65	205,44454
m2_z20_b1	80	201,82324
m2_z20_b2	80	195,8716
m2_z20_b5	80	198,48619
m2_z50_b1	80	198,6019
m2_z50_b2	80	216,41743
m2_z50_b5	67	216,61274
m5_z100_b1	56,4	327,0337
m5_z100_b2	49,8	361,90099
m5_z100_b5	53,3	344,66969
m5_z20_b1	77,2	260,10066
m5_z20_b2	80,2	255,49402
m5_z20_b5	69,4	266,59736
m5_z50_b1	60,4	295,50788
m5_z50_b2	60,8	298,48643
m5_z50_b5	60	352,12967
