m10_z100_b1	59,9	2238,66496
m10_z100_b2	56,8	2336,46308
m10_z100_b5	56,4	2250,38907
m10_z20_b1	88,4	1384,43887
m10_z20_b2	86,6	1350,29474
m10_z20_b5	85,4	1495,09641
m10_z50_b1	69	1802,66181
m10_z50_b2	71,8	1684,21732
m10_z50_b5	68,6	1723,59199
m20_z100_b1	69,8	8921,7707
m20_z100_b2	69,2	9192,63147
m20_z100_b5	65,8	9260,41853
m20_z50_b1	81,4	7363,17672
m20_z50_b2	80,8	7431,87248
m20_z50_b5	83,3	7756,87019
m2_z100_b1	80	570,88998
m2_z100_b2	67	579,03964
m2_z100_b5	67	584,87435
m2_z20_b1	80	563,81218
m2_z20_b2	80	635,99749
m2_z20_b5	80	571,58401
m2_z50_b1	80	558,64824
m2_z50_b2	80	559,8387
m2_z50_b5	67	575,6073
m5_z100_b1	65,2	972,05963
m5_z100_b2	57,6	1088,25599
m5_z100_b5	60,6	1096,51286
m5_z20_b1	79,2	817,52182
m5_z20_b2	84	784,59079
m5_z20_b5	70,8	786,93906
m5_z50_b1	68,2	930,55899
m5_z50_b2	67,4	923,28652
m5_z50_b5	64,6	940,76525
