m10_z100_b1	58,8	1938,95084
m10_z100_b2	56,5	2129,49383
m10_z100_b5	57	2063,83493
m10_z20_b1	85,4	1322,50344
m10_z20_b2	86	1283,9176
m10_z20_b5	84,2	1387,93006
m10_z50_b1	68,6	1589,81954
m10_z50_b2	72,7	1574,46502
m10_z50_b5	66	1592,58528
m20_z100_b1	67,8	8376,81472
m20_z100_b2	68	8740,78086
m20_z100_b5	64,2	8653,01568
m20_z50_b1	81,2	6868,70847
m20_z50_b2	78,8	6682,91753
m20_z50_b5	79,6	7612,2836
m2_z100_b1	80	462,81563
m2_z100_b2	67	513,28077
m2_z100_b5	67	501,71138
m2_z20_b1	80	540,49074
m2_z20_b2	80	517,39605
m2_z20_b5	80	484,18226
m2_z50_b1	80	483,95038
m2_z50_b2	80	484,57302
m2_z50_b5	67	508,56552
m5_z100_b1	62,4	903,77663
m5_z100_b2	55,4	983,5451
m5_z100_b5	58,2	986,53916
m5_z20_b1	81	740,67124
m5_z20_b2	82	624,81442
m5_z20_b5	71	638,5354
m5_z50_b1	65,8	765,5749
m5_z50_b2	65,2	768,26441
m5_z50_b5	63	820,24481
