m10_z100_b1	58,5	617,14481
m10_z100_b2	55,3	661,6174
m10_z100_b5	55,9	621,97985
m10_z20_b1	84,8	371,07487
m10_z20_b2	83,6	386,22379
m10_z20_b5	82,4	392,15886
m10_z50_b1	69	510,86595
m10_z50_b2	71	465,96373
m10_z50_b5	67,4	454,29155
m20_z100_b1	67	2276,64065
m20_z100_b2	68	2380,3811
m20_z100_b5	64,2	2089,78542
m20_z50_b1	79,3	1450,24954
m20_z50_b2	78,4	1424,89444
m20_z50_b5	78	1535,90475
m2_z100_b1	76,1	226,50595
m2_z100_b2	67	237,58786
m2_z100_b5	61	238,26182
m2_z20_b1	80	230,15626
m2_z20_b2	78,7	233,23267
m2_z20_b5	78,7	233,45823
m2_z50_b1	80	234,648
m2_z50_b2	80	231,44188
m2_z50_b5	67	232,55717
m5_z100_b1	54,9	317,79273
m5_z100_b2	53,5	338,28553
m5_z100_b5	57,1	326,03868
m5_z20_b1	74,6	239,45429
m5_z20_b2	77,6	258,56408
m5_z20_b5	67	268,37199
m5_z50_b1	63	299,45389
m5_z50_b2	58,2	293,09083
m5_z50_b5	64,6	343,95615
