m10_z100_b1	49,4	175,27643
m10_z100_b2	44,6	161,57316
m10_z100_b5	45,1	157,37798
m10_z20_b1	78,3	102,0187
m10_z20_b2	80,2	102,38024
m10_z20_b5	76,2	100,92584
m10_z50_b1	58,7	162,69801
m10_z50_b2	62,5	119,37961
m10_z50_b5	60,1	119,8726
m20_z100_b1	57,4	376,29307
m20_z100_b2	57,9	388,48744
m20_z100_b5	56,1	442,21961
m20_z50_b1	70,7	320,29124
m20_z50_b2	71	304,90631
m20_z50_b5	69,4	329,01355
m2_z100_b1	80	69,45507
m2_z100_b2	67	69,99202
m2_z100_b5	64	88,5936
m2_z20_b1	78,7	71,18331
m2_z20_b2	78,7	69,26619
m2_z20_b5	77,4	69,42888
m2_z50_b1	78,7	68,76953
m2_z50_b2	78,7	69,96466
m2_z50_b5	66	69,33897
m5_z100_b1	44,9	93,41247
m5_z100_b2	37,1	110,76123
m5_z100_b5	42,2	109,75293
m5_z20_b1	66,8	119,59609
m5_z20_b2	69,8	76,55666
m5_z20_b5	63,6	79,14692
m5_z50_b1	51,6	90,65351
m5_z50_b2	52,9	86,22766
m5_z50_b5	50,8	88,93561
