m10_z100_b1	59,9	600,88606
m10_z100_b2	54,6	611,87785
m10_z100_b5	55,5	620,88722
m10_z20_b1	85,4	356,23622
m10_z20_b2	83,6	347,36502
m10_z20_b5	82,4	347,46644
m10_z50_b1	66,6	453,75162
m10_z50_b2	71	433,98164
m10_z50_b5	66,8	483,8671
m20_z100_b1	67,5	2254,77032
m20_z100_b2	66,4	2318,03038
m20_z100_b5	63,2	2097,17784
m20_z50_b1	81,4	1757,69228
m20_z50_b2	80	1703,80991
m20_z50_b5	79,9	1820,35504
m2_z100_b1	76,1	226,14437
m2_z100_b2	67	162,13768
m2_z100_b5	63	168,04686
m2_z20_b1	80	159,5424
m2_z20_b2	78,7	160,55868
m2_z20_b5	76,1	156,33789
m2_z50_b1	80	161,09812
m2_z50_b2	80	161,58252
m2_z50_b5	67	166,88533
m5_z100_b1	57,1	268,37797
m5_z100_b2	51,7	294,6956
m5_z100_b5	50,7	285,23793
m5_z20_b1	74,8	198,00845
m5_z20_b2	82	191,9945
m5_z20_b5	69,6	200,20928
m5_z50_b1	64	231,74888
m5_z50_b2	61	239,41447
m5_z50_b5	59,2	235,65534
