m10_z100_b1	56,3	528,9147
m10_z100_b2	51,4	516,20377
m10_z100_b5	51,4	516,64253
m10_z20_b1	84,8	325,8523
m10_z20_b2	84,2	318,42046
m10_z20_b5	82,4	329,25802
m10_z50_b1	65,1	384,89619
m10_z50_b2	67	357,7047
m10_z50_b5	64,7	368,76241
m20_z100_b1	63,2	1447,07023
m20_z100_b2	62,3	1581,83214
m20_z100_b5	59,8	1493,14409
m20_z50_b1	76,2	1223,21172
m20_z50_b2	77,2	1320,47454
m20_z50_b5	75,9	1372,19964
m2_z100_b1	80	179,59103
m2_z100_b2	65,3	182,69678
m2_z100_b5	66	181,20755
m2_z20_b1	78,7	176,77001
m2_z20_b2	80	172,01226
m2_z20_b5	78,7	173,77099
m2_z50_b1	80	174,56423
m2_z50_b2	80	178,36564
m2_z50_b5	67	182,94951
m5_z100_b1	56,6	254,89913
m5_z100_b2	45,1	305,40096
m5_z100_b5	51,1	274,88506
m5_z20_b1	77,6	214,70181
m5_z20_b2	78,4	207,4044
m5_z20_b5	67,6	216,50652
m5_z50_b1	58,3	299,17722
m5_z50_b2	58,4	245,67674
m5_z50_b5	57,7	242,40763
