m10_z100_b1	62,8	1188,39042
m10_z100_b2	56,8	1228,33241
m10_z100_b5	56,8	1269,27334
m10_z20_b1	86,6	682,24517
m10_z20_b2	87,2	665,45103
m10_z20_b5	83,6	745,72481
m10_z50_b1	71	888,45507
m10_z50_b2	74	866,55034
m10_z50_b5	67,3	873,60227
m20_z100_b1	69,6	4273,27652
m20_z100_b2	69	4627,72731
m20_z100_b5	65,2	4642,38713
m20_z50_b1	82,8	3378,68716
m20_z50_b2	80,6	3278,25765
m20_z50_b5	82,8	3504,8316
m2_z100_b1	78,7	311,72375
m2_z100_b2	67	314,54523
m2_z100_b5	65	330,45233
m2_z20_b1	80	324,44845
m2_z20_b2	80	310,24438
m2_z20_b5	80	310,59761
m2_z50_b1	80	309,30852
m2_z50_b2	78,7	373,16787
m2_z50_b5	67	316,94035
m5_z100_b1	61,8	522,04302
m5_z100_b2	56,7	577,87612
m5_z100_b5	58,4	542,8886
m5_z20_b1	81	390,79138
m5_z20_b2	86	386,57363
m5_z20_b5	72,4	400,09707
m5_z50_b1	65,2	471,41396
m5_z50_b2	64,4	463,49464
m5_z50_b5	62,4	467,03497
