m10_z100_b1	60,5	899,22532
m10_z100_b2	55,5	943,28094
m10_z100_b5	56,9	908,01883
m10_z20_b1	86,6	477,74075
m10_z20_b2	86	456,76565
m10_z20_b5	83	488,4328
m10_z50_b1	69,8	617,88092
m10_z50_b2	71,9	598,81743
m10_z50_b5	69	629,08433
m20_z100_b1	68	2750,99296
m20_z100_b2	69,1	2997,49763
m20_z100_b5	65,2	2830,4533
m20_z50_b1	82,1	2085,09844
m20_z50_b2	79,4	2133,23605
m20_z50_b5	80,3	2268,37004
m2_z100_b1	80	258,27006
m2_z100_b2	67	260,82598
m2_z100_b5	64	262,93286
m2_z20_b1	80	256,26293
m2_z20_b2	80	258,22872
m2_z20_b5	77,4	247,88869
m2_z50_b1	80	258,03349
m2_z50_b2	78,7	259,11951
m2_z50_b5	67	262,22082
m5_z100_b1	63	381,4955
m5_z100_b2	54,6	476,75316
m5_z100_b5	53,1	412,88929
m5_z20_b1	77,2	304,23141
m5_z20_b2	80,2	304,83518
m5_z20_b5	71,8	307,18158
m5_z50_b1	66,4	371,18103
m5_z50_b2	59,4	365,21406
m5_z50_b5	62,8	357,09863
