1
2
3
3
4
4
6
7
9
10
10
10
10
11
11
13
15
16
17
17
19
19
21
26
28
30
32
36
38
43
43
47
47
48
51
53
54
55
56
57
58
60
63
64
67
67
68
70
71
73
73
74
75
77
79
79
84
84
86
88
90
91
93
96
99
101
102
105
105
106
107
109
109
110
110
110
112
113
116
116
118
119
120
120
121
123
123
125
126
126
127
128
129
129
133
133
134
134
135
136
137
138
139
140
140
142
143
144
152
152
153
153
154
155
156
157
159
163
163
164
166
168
169
172
173
180
181
183
183
189
190
199
200
200
207
209
210
211
211
213
219
226
226
228
230
232
236
238
239
241
242
243
243
243
245
246
247
250
252
253
254
256
256
262
264
266
267
273
273
274
276
279
282
283
286
289
290
292
292
293
296
296
297
299
306
307
309
320
323
329
334
339
344
345
347
348
351
352
353
355
357
361
363
363
364
366
366
367
371
372
382
399
402
406
408
409
415
416
418
419
425
425
435
454
457
463
473
473
476
482
492
