m10_z100_b1	57,8	527,00528
m10_z100_b2	53,5	542,63336
m10_z100_b5	54,1	526,14675
m10_z20_b1	83,1	332,06339
m10_z20_b2	84,2	338,47431
m10_z20_b5	80,6	355,69917
m10_z50_b1	67,4	454,62018
m10_z50_b2	71,1	413,29094
m10_z50_b5	65,9	407,04672
m20_z100_b1	64,2	1934,42342
m20_z100_b2	64,4	1878,28774
m20_z100_b5	60,7	1908,61663
m20_z50_b1	78,6	1620,59464
m20_z50_b2	76,9	1594,64593
m20_z50_b5	75,7	1859,71743
m2_z100_b1	75,1	131,96122
m2_z100_b2	67	133,93813
m2_z100_b5	65	134,74079
m2_z20_b1	80	130,03624
m2_z20_b2	80	131,41654
m2_z20_b5	80	128,75756
m2_z50_b1	80	130,49226
m2_z50_b2	80	131,11178
m2_z50_b5	67	132,72772
m5_z100_b1	57,3	229,99683
m5_z100_b2	47,2	258,46726
m5_z100_b5	51,7	247,93836
m5_z20_b1	76,6	173,54392
m5_z20_b2	78,4	171,61967
m5_z20_b5	69,2	173,19172
m5_z50_b1	60,4	205,87501
m5_z50_b2	59,4	234,46542
m5_z50_b5	60,2	241,81377
