m10_z100_b1	59,4	586,0079
m10_z100_b2	55,5	622,99272
m10_z100_b5	54,2	638,96274
m10_z20_b1	86	350,90723
m10_z20_b2	83,6	341,29369
m10_z20_b5	81,8	346,70355
m10_z50_b1	65,8	451,43806
m10_z50_b2	71,4	420,81445
m10_z50_b5	69,8	434,39044
m20_z100_b1	67,9	2185,58853
m20_z100_b2	66,2	2237,41761
m20_z100_b5	63,6	2253,16567
m20_z50_b1	82,1	1737,81412
m20_z50_b2	78,3	1693,93845
m20_z50_b5	79,6	1773,66825
m2_z100_b1	78,7	158,1271
m2_z100_b2	67	164,58135
m2_z100_b5	65	165,88457
m2_z20_b1	80	157,00382
m2_z20_b2	76,1	159,09228
m2_z20_b5	80	159,53314
m2_z50_b1	78,7	158,44786
m2_z50_b2	78,7	158,7175
m2_z50_b5	67	160,792
m5_z100_b1	61,2	267,54951
m5_z100_b2	51,7	336,08475
m5_z100_b5	51,6	301,25357
m5_z20_b1	79,2	205,13026
m5_z20_b2	81,2	197,65906
m5_z20_b5	69,6	200,73653
m5_z50_b1	62,8	238,93732
m5_z50_b2	62,8	232,30808
m5_z50_b5	64,8	235,86336
