m10_z100_b1	52,6	319,65369
m10_z100_b2	46,9	337,7104
m10_z100_b5	47,7	353,925
m10_z20_b1	79,6	228,15492
m10_z20_b2	78,5	223,38876
m10_z20_b5	79,1	276,7964
m10_z50_b1	61,9	270,02053
m10_z50_b2	63,5	269,3956
m10_z50_b5	59,8	265,51593
m20_z100_b1	58,8	898,92218
m20_z100_b2	59,9	856,39514
m20_z100_b5	55,9	957,35519
m20_z50_b1	73,4	735,62251
m20_z50_b2	73,2	664,84903
m20_z50_b5	71,1	701,44125
m2_z100_b1	78,7	151,90628
m2_z100_b2	66	151,4035
m2_z100_b5	59	150,78765
m2_z20_b1	80	153,3515
m2_z20_b2	78,7	149,1687
m2_z20_b5	80	152,64154
m2_z50_b1	80	151,74799
m2_z50_b2	78,7	147,81414
m2_z50_b5	67	150,72857
m5_z100_b1	52,1	200,48019
m5_z100_b2	42,6	214,14226
m5_z100_b5	41	221,15799
m5_z20_b1	74	172,92013
m5_z20_b2	75	172,86037
m5_z20_b5	65,8	184,13936
m5_z50_b1	54,9	183,18693
m5_z50_b2	53,3	186,58286
m5_z50_b5	55,6	184,88975
