m10_z100_b1	57,1	980,2988
m10_z100_b2	55,9	1028,85077
m10_z100_b5	54,9	1076,1137
m10_z20_b1	86	645,29148
m10_z20_b2	86,6	631,54992
m10_z20_b5	82,4	644,24369
m10_z50_b1	67	763,05113
m10_z50_b2	70,2	751,94033
m10_z50_b5	67,8	769,97228
m20_z100_b1	64	3389,20559
m20_z100_b2	65,4	3339,10462
m20_z100_b5	62,6	3197,20589
m20_z50_b1	78,9	2691,83061
m20_z50_b2	79,2	2587,59887
m20_z50_b5	78,8	2648,24869
m2_z100_b1	80	306,13865
m2_z100_b2	67	311,59185
m2_z100_b5	65	316,37941
m2_z20_b1	80	305,55402
m2_z20_b2	80	309,42069
m2_z20_b5	80	307,26244
m2_z50_b1	80	309,33571
m2_z50_b2	80	310,4129
m2_z50_b5	67	312,81061
m5_z100_b1	54,4	463,87618
m5_z100_b2	50,9	508,15315
m5_z100_b5	51,9	494,23525
m5_z20_b1	81,2	369,9261
m5_z20_b2	78,6	414,92224
m5_z20_b5	70,4	376,42191
m5_z50_b1	64,8	419,8262
m5_z50_b2	64,6	418,1281
m5_z50_b5	60,6	421,2425
