m10_z100_b1	51,4	179,80288
m10_z100_b2	49,9	185,9708
m10_z100_b5	53	181,38517
m10_z20_b1	81,4	116,88132
m10_z20_b2	80,1	108,47651
m10_z20_b5	79,6	123,31116
m10_z50_b1	62	143,44976
m10_z50_b2	65,9	128,13756
m10_z50_b5	60,5	133,9951
m20_z100_b1	61,2	570,20075
m20_z100_b2	60,7	615,27453
m20_z100_b5	57,9	563,52742
m20_z50_b1	74,8	450,97772
m20_z50_b2	74,8	454,4249
m20_z50_b5	73,5	507,50911
m2_z100_b1	78,7	60,21295
m2_z100_b2	66	60,26578
m2_z100_b5	60,3	61,23888
m2_z20_b1	76,1	59,43153
m2_z20_b2	74,8	59,9647
m2_z20_b5	76,1	59,62511
m2_z50_b1	77,4	59,98468
m2_z50_b2	77,4	60,21398
m2_z50_b5	67	60,41274
m5_z100_b1	49,9	89,91862
m5_z100_b2	40,5	97,89934
m5_z100_b5	45,2	95,39252
m5_z20_b1	74	71,7237
m5_z20_b2	71,2	70,79265
m5_z20_b5	64,2	72,17876
m5_z50_b1	59,2	81,52103
m5_z50_b2	56,4	83,48221
m5_z50_b5	53,5	82,66449
