m10_z100_b1	50,5	709,22597
m10_z100_b2	49,1	734,86469
m10_z100_b5	49,3	793,34342
m10_z20_b1	83	552,2218
m10_z20_b2	80,7	529,15735
m10_z20_b5	79,6	537,31958
m10_z50_b1	64,5	601,49777
m10_z50_b2	65	589,5187
m10_z50_b5	60	608,10361
m20_z100_b1	59,4	1714,76758
m20_z100_b2	61	1867,37648
m20_z100_b5	56,9	1929,14156
m20_z50_b1	72,4	1406,80132
m20_z50_b2	74,1	1331,3246
m20_z50_b5	71,2	1527,23876
m2_z100_b1	80	358,59939
m2_z100_b2	67	386,17136
m2_z100_b5	60,7	362,27686
m2_z20_b1	80	353,31578
m2_z20_b2	80	351,51146
m2_z20_b5	80	353,80841
m2_z50_b1	80	373,32874
m2_z50_b2	80	360,87274
m2_z50_b5	67	385,26202
m5_z100_b1	51,7	463,37381
m5_z100_b2	42,3	515,05487
m5_z100_b5	46,8	510,64455
m5_z20_b1	75	410,44698
m5_z20_b2	75,2	414,84819
m5_z20_b5	65,8	410,28434
m5_z50_b1	57,2	448,77379
m5_z50_b2	57,4	444,40279
m5_z50_b5	55,4	461,57987
