m10_z100_b1	59,4	974,2258
m10_z100_b2	54,1	1007,26221
m10_z100_b5	53,4	1096,84842
m10_z20_b1	87,8	676,93226
m10_z20_b2	86,6	638,06117
m10_z20_b5	83,7	739,59423
m10_z50_b1	67,8	782,82083
m10_z50_b2	67,8	736,30178
m10_z50_b5	65,1	736,88569
m20_z100_b1	65,6	3188,93523
m20_z100_b2	62,8	3042,06917
m20_z100_b5	62,8	3400,75755
m20_z50_b1	78,9	2651,37772
m20_z50_b2	79,3	2740,30851
m20_z50_b5	79	2845,60505
m2_z100_b1	80	341,27434
m2_z100_b2	67	396,01261
m2_z100_b5	63	474,361
m2_z20_b1	80	356,09744
m2_z20_b2	80	339,74023
m2_z20_b5	80	346,54866
m2_z50_b1	80	354,44917
m2_z50_b2	78,7	360,44988
m2_z50_b5	67	367,65028
m5_z100_b1	58,6	525,81406
m5_z100_b2	53,3	602,34964
m5_z100_b5	55,6	557,74875
m5_z20_b1	78,2	426,32812
m5_z20_b2	79,2	402,67462
m5_z20_b5	69,6	427,96829
m5_z50_b1	61,6	493,71155
m5_z50_b2	61,2	578,01936
m5_z50_b5	55,9	492,02446
