m10_z100_b1	50,9	127,66565
m10_z100_b2	47,8	132,51563
m10_z100_b5	48,5	138,58326
m10_z20_b1	80,3	85,33545
m10_z20_b2	78,6	83,61146
m10_z20_b5	78,1	93,3672
m10_z50_b1	59,9	110,09085
m10_z50_b2	63,5	99,62962
m10_z50_b5	60,3	102,82866
m20_z100_b1	57,9	399,27064
m20_z100_b2	58	402,50119
m20_z100_b5	56,4	434,31817
m20_z50_b1	72,2	301,47888
m20_z50_b2	71,7	298,65933
m20_z50_b5	70,3	305,63616
m2_z100_b1	73,5	53,80388
m2_z100_b2	66	54,22165
m2_z100_b5	60,3	55,45738
m2_z20_b1	77,4	53,58454
m2_z20_b2	77,4	54,00573
m2_z20_b5	76,1	53,21593
m2_z50_b1	78,7	53,72536
m2_z50_b2	76,1	54,04778
m2_z50_b5	67	53,95293
m5_z100_b1	48,4	74,06183
m5_z100_b2	36,5	86,37987
m5_z100_b5	43,2	75,38173
m5_z20_b1	68,4	62,2159
m5_z20_b2	69,6	61,86287
m5_z20_b5	64,6	62,03444
m5_z50_b1	54,4	69,82949
m5_z50_b2	51,9	67,93104
m5_z50_b5	52,1	67,36326
