m10_z100_b1	49,7	141,84571
m10_z100_b2	49,4	162,39925
m10_z100_b5	44,7	224,44021
m10_z20_b1	78,7	117,72331
m10_z20_b2	78,5	117,32428
m10_z20_b5	76	92,67669
m10_z50_b1	61,1	109,53296
m10_z50_b2	63,1	102,30389
m10_z50_b5	57,3	99,96027
m20_z100_b1	60	414,31726
m20_z100_b2	58,8	627,88205
m20_z100_b5	57,4	745,84307
m20_z50_b1	74	431,94508
m20_z50_b2	71,9	309,47939
m20_z50_b5	71,4	365,67555
m2_z100_b1	76,1	60,32214
m2_z100_b2	67	57,64327
m2_z100_b5	62	59,6822
m2_z20_b1	80	54,72124
m2_z20_b2	78,7	56,68286
m2_z20_b5	76,1	56,53999
m2_z50_b1	77,4	59,48031
m2_z50_b2	76,1	58,90984
m2_z50_b5	67	60,49086
m5_z100_b1	49,4	75,0798
m5_z100_b2	41,1	79,1733
m5_z100_b5	45,5	82,13704
m5_z20_b1	70,2	61,11763
m5_z20_b2	73,6	61,69906
m5_z20_b5	61	61,03336
m5_z50_b1	50,9	70,99638
m5_z50_b2	52,3	69,03245
m5_z50_b5	55	69,00615
