m10_z100_b1	60,5	2047,98791
m10_z100_b2	55,8	2066,80989
m10_z100_b5	54,4	2027,63549
m10_z20_b1	86,6	1356,62781
m10_z20_b2	86	1348,61028
m10_z20_b5	82,4	1273,23984
m10_z50_b1	69,5	1517,28572
m10_z50_b2	71,4	1573,73164
m10_z50_b5	67	1524,18928
m20_z100_b1	68	8345,45826
m20_z100_b2	67,4	8923,11105
m20_z100_b5	64,6	8427,28824
m20_z50_b1	81,4	6747,9986
m20_z50_b2	78,9	6752,64918
m20_z50_b5	79,5	7588,34795
m2_z100_b1	80	462,55262
m2_z100_b2	67	465,65061
m2_z100_b5	67	477,84393
m2_z20_b1	80	458,87883
m2_z20_b2	80	447,50575
m2_z20_b5	80	438,44306
m2_z50_b1	80	443,70608
m2_z50_b2	78,7	452,94138
m2_z50_b5	67	457,03176
m5_z100_b1	63,6	859,08997
m5_z100_b2	52,4	984,97959
m5_z100_b5	55,2	885,28234
m5_z20_b1	79	667,90472
m5_z20_b2	82	613,54237
m5_z20_b5	70,2	624,79748
m5_z50_b1	66	764,96285
m5_z50_b2	64	781,70699
m5_z50_b5	63,4	771,11095
