m10_z100_b1	59,6	1384,64781
m10_z100_b2	56,1	1436,01806
m10_z100_b5	54,7	1403,39083
m10_z20_b1	86,6	918,0363
m10_z20_b2	86	882,26604
m10_z20_b5	84,2	928,91024
m10_z50_b1	69,4	1048,69537
m10_z50_b2	71	1021,04955
m10_z50_b5	65,7	1021,65837
m20_z100_b1	66,4	4980,7897
m20_z100_b2	66,8	5157,56073
m20_z100_b5	65	5031,49355
m20_z50_b1	82,1	4120,71849
m20_z50_b2	80,2	3826,62894
m20_z50_b5	80,2	4376,98506
m2_z100_b1	80	409,25158
m2_z100_b2	67	418,53276
m2_z100_b5	67	426,96776
m2_z20_b1	80	407,33428
m2_z20_b2	80	411,56947
m2_z20_b5	80	429,96351
m2_z50_b1	80	488,33722
m2_z50_b2	80	417,6527
m2_z50_b5	67	417,21721
m5_z100_b1	61,4	650,35698
m5_z100_b2	53,5	822,88694
m5_z100_b5	56,4	689,02236
m5_z20_b1	80	522,45775
m5_z20_b2	85	520,11732
m5_z20_b5	70,6	526,29103
m5_z50_b1	66	628,0962
m5_z50_b2	63,4	665,05524
m5_z50_b5	63,4	618,60787
