m10_z100_b1	52,9	352,07826
m10_z100_b2	50,9	350,01677
m10_z100_b5	50,1	349,14978
m10_z20_b1	83	239,81499
m10_z20_b2	81,9	228,59962
m10_z20_b5	80,1	237,00166
m10_z50_b1	63,1	273,34502
m10_z50_b2	65,9	260,28566
m10_z50_b5	63,2	267,78886
m20_z100_b1	59,8	979,93951
m20_z100_b2	61,2	1139,03102
m20_z100_b5	58,2	1078,69264
m20_z50_b1	73,8	901,0553
m20_z50_b2	72,8	904,93966
m20_z50_b5	72	1002,51416
m2_z100_b1	80	129,04205
m2_z100_b2	67	124,77285
m2_z100_b5	62	135,67674
m2_z20_b1	80	126,32936
m2_z20_b2	80	134,32166
m2_z20_b5	80	124,3137
m2_z50_b1	80	120,04338
m2_z50_b2	78,7	130,09516
m2_z50_b5	67	142,42194
m5_z100_b1	51,4	184,33743
m5_z100_b2	49,3	211,15029
m5_z100_b5	47,2	197,93082
m5_z20_b1	74,8	148,80654
m5_z20_b2	74	148,95862
m5_z20_b5	68,2	151,87419
m5_z50_b1	58	171,326
m5_z50_b2	57,2	173,68335
m5_z50_b5	59,6	180,11777
