m10_z100_b1	52	229,52299
m10_z100_b2	50,7	240,7382
m10_z100_b5	48,7	244,14919
m10_z20_b1	80,7	154,55357
m10_z20_b2	80,7	157,74491
m10_z20_b5	79	160,23299
m10_z50_b1	63,8	220,69712
m10_z50_b2	66,3	182,26291
m10_z50_b5	60,1	186,0212
m20_z100_b1	60,7	695,87906
m20_z100_b2	58,5	773,80716
m20_z100_b5	58,2	725,42342
m20_z50_b1	73,3	580,05787
m20_z50_b2	72,5	589,54361
m20_z50_b5	72,2	649,49708
m2_z100_b1	77,4	83,28953
m2_z100_b2	67	83,68658
m2_z100_b5	61	86,33018
m2_z20_b1	78,7	84,20145
m2_z20_b2	78,7	83,96576
m2_z20_b5	78,7	82,19529
m2_z50_b1	78,7	83,65491
m2_z50_b2	76,1	85,69638
m2_z50_b5	67	87,06807
m5_z100_b1	47,8	121,68116
m5_z100_b2	41,8	139,99826
m5_z100_b5	43,7	133,15215
m5_z20_b1	73,4	100,29475
m5_z20_b2	72,8	97,57601
m5_z20_b5	65,8	98,88155
m5_z50_b1	56,7	119,08127
m5_z50_b2	57,4	114,83976
m5_z50_b5	55,4	113,85003
