m10_z100_b1	56,3	633,53641
m10_z100_b2	53,3	673,55962
m10_z100_b5	51,3	655,69819
m10_z20_b1	83,6	437,52575
m10_z20_b2	83,7	461,38332
m10_z20_b5	81,2	442,62127
m10_z50_b1	62,7	596,64035
m10_z50_b2	67	495,59288
m10_z50_b5	64,8	511,83347
m20_z100_b1	62,6	1765,08957
m20_z100_b2	62,4	1759,262
m20_z100_b5	58,7	1813,48392
m20_z50_b1	74,9	1363,94639
m20_z50_b2	73,4	1381,64945
m20_z50_b5	75	1492,15251
m2_z100_b1	77,4	309,70277
m2_z100_b2	67	292,92444
m2_z100_b5	66	303,4725
m2_z20_b1	80	295,20159
m2_z20_b2	80	293,86205
m2_z20_b5	80	296,75141
m2_z50_b1	80	295,57485
m2_z50_b2	78,7	297,17832
m2_z50_b5	67	320,81525
m5_z100_b1	54	386,42001
m5_z100_b2	45,2	440,72952
m5_z100_b5	48,9	405,45115
m5_z20_b1	75,8	393,18149
m5_z20_b2	78,2	334,42642
m5_z20_b5	68,4	339,96968
m5_z50_b1	58,2	389,54535
m5_z50_b2	60,2	374,79297
m5_z50_b5	57	394,02265
