m10_z100_b1	58,2	576,40585
m10_z100_b2	53,3	609,72729
m10_z100_b5	56,3	630,08601
m10_z20_b1	85,4	363,19231
m10_z20_b2	82	361,64437
m10_z20_b5	83	381,89137
m10_z50_b1	66	565,71004
m10_z50_b2	72,3	477,35002
m10_z50_b5	67,4	482,55316
m20_z100_b1	65,8	2359,84342
m20_z100_b2	66,8	2381,27022
m20_z100_b5	63,8	2325,62059
m20_z50_b1	80,4	1403,89055
m20_z50_b2	79,9	1498,65787
m20_z50_b5	78,3	1566,34063
m2_z100_b1	74,8	229,20272
m2_z100_b2	67	234,12575
m2_z100_b5	62	237,50053
m2_z20_b1	80	229,74845
m2_z20_b2	80	230,56672
m2_z20_b5	78,7	230,27868
m2_z50_b1	80	230,59799
m2_z50_b2	80	230,67493
m2_z50_b5	67	232,1878
m5_z100_b1	57,8	318,88213
m5_z100_b2	50,6	342,70873
m5_z100_b5	53,9	331,8501
m5_z20_b1	76	265,39611
m5_z20_b2	79	260,40967
m5_z20_b5	69	272,01086
m5_z50_b1	61,6	376,22546
m5_z50_b2	62,8	297,97564
m5_z50_b5	59,8	287,86812
