m10_z100_b1	48,6	184,02278
m10_z100_b2	45,5	199,09254
m10_z100_b5	46	194,59069
m10_z20_b1	77,1	129,95293
m10_z20_b2	79,1	126,5077
m10_z20_b5	75,6	131,43663
m10_z50_b1	59,2	152,21335
m10_z50_b2	61,6	146,41311
m10_z50_b5	57,8	146,05199
m20_z100_b1	58,2	443,93743
m20_z100_b2	57,1	483,82421
m20_z100_b5	55,9	500,04202
m20_z50_b1	70,6	358,11492
m20_z50_b2	70,6	347,86938
m20_z50_b5	69	389,48677
m2_z100_b1	80	97,29809
m2_z100_b2	67	98,83291
m2_z100_b5	59,3	99,70323
m2_z20_b1	80	98,32704
m2_z20_b2	80	101,78627
m2_z20_b5	80	97,91139
m2_z50_b1	80	97,32884
m2_z50_b2	78,7	96,44636
m2_z50_b5	67	96,55021
m5_z100_b1	49,9	124,11193
m5_z100_b2	39	149,93388
m5_z100_b5	40,8	195,2615
m5_z20_b1	72	110,31464
m5_z20_b2	69,6	107,55447
m5_z20_b5	64,6	107,47753
m5_z50_b1	52,4	114,00219
m5_z50_b2	51,3	117,02674
m5_z50_b5	53,6	117,61697
