1
3
3
5
5
7
8
8
10
11
12
14
17
20
21
22
22
23
25
28
29
30
30
31
31
31
31
32
32
33
36
38
39
39
40
42
43
44
46
51
52
52
53
57
60
60
62
63
65
67
71
71
72
74
74
76
77
79
81
82
82
83
83
83
86
93
93
96
98
99
104
106
109
111
113
114
115
116
116
117
121
122
124
125
129
133
136
138
144
145
145
146
146
147
148
149
150
151
152
153
153
155
156
158
158
160
161
163
166
167
175
175
176
177
180
180
181
185
188
188
188
189
189
192
193
196
196
197
198
198
199
203
204
205
206
207
210
211
215
218
219
219
220
221
223
226
227
227
227
228
228
229
231
232
234
235
237
238
241
241
246
249
251
258
259
259
262
263
265
267
268
270
271
275
278
291
297
298
301
302
309
314
321
322
324
327
333
343
344
345
348
349
351
352
354
355
356
359
363
373
374
374
376
377
379
381
384
384
387
394
395
404
407
407
415
416
423
426
426
438
446
447
448
455
458
459
460
467
470
478
490
