m10_z100_b1	61,5	2162,05193
m10_z100_b2	55,5	2204,96755
m10_z100_b5	55,8	2190,84146
m10_z20_b1	86	1410,61496
m10_z20_b2	86,6	1499,2184
m10_z20_b5	85,4	1401,53586
m10_z50_b1	69,4	1769,2423
m10_z50_b2	71,8	1743,77954
m10_z50_b5	67,8	1703,916
m20_z100_b1	67,4	8095,0886
m20_z100_b2	68,6	8476,71801
m20_z100_b5	63	8342,75708
m20_z50_b1	81,2	7207,02807
m20_z50_b2	79,3	7121,41245
m20_z50_b5	81,4	7693,96114
m2_z100_b1	80	673,40173
m2_z100_b2	67	632,7537
m2_z100_b5	67	680,2375
m2_z20_b1	80	623,21417
m2_z20_b2	80	673,61142
m2_z20_b5	80	662,84998
m2_z50_b1	80	682,99335
m2_z50_b2	80	677,00598
m2_z50_b5	67	672,9849
m5_z100_b1	62,8	1096,65931
m5_z100_b2	53,6	1141,78011
m5_z100_b5	56,8	1078,47587
m5_z20_b1	82	802,91496
m5_z20_b2	85	812,36698
m5_z20_b5	71,6	833,53227
m5_z50_b1	65,2	979,77564
m5_z50_b2	65,2	935,02528
m5_z50_b5	64,6	921,49115
