m10_z100_b1	49	181,38293
m10_z100_b2	44,7	183,09553
m10_z100_b5	44,2	197,85255
m10_z20_b1	76,5	130,83446
m10_z20_b2	78	122,80488
m10_z20_b5	76	132,80408
m10_z50_b1	59,8	149,96454
m10_z50_b2	61	142,34339
m10_z50_b5	60	155,34691
m20_z100_b1	57,2	478,37151
m20_z100_b2	59,1	463,65848
m20_z100_b5	55,5	454,61069
m20_z50_b1	70	353,59681
m20_z50_b2	70,9	348,69316
m20_z50_b5	69,2	378,62965
m2_z100_b1	78,7	94,32485
m2_z100_b2	67	134,19743
m2_z100_b5	58,3	140,70896
m2_z20_b1	80	97,71902
m2_z20_b2	80	102,05086
m2_z20_b5	80	94,35809
m2_z50_b1	80	99,42932
m2_z50_b2	76,1	97,04661
m2_z50_b5	67	103,21883
m5_z100_b1	45,6	122,99712
m5_z100_b2	39,9	139,32559
m5_z100_b5	40,5	129,72127
m5_z20_b1	71	105,75925
m5_z20_b2	71,6	104,33801
m5_z20_b5	60,1	106,53379
m5_z50_b1	55,2	114,44152
m5_z50_b2	51,4	117,39269
m5_z50_b5	50,8	113,17268
