m10_z100_b1	57,7	1294,17265
m10_z100_b2	55,8	1397,21958
m10_z100_b5	57,9	1447,58764
m10_z20_b1	86,6	883,82886
m10_z20_b2	84,2	857,15552
m10_z20_b5	84,2	875,33691
m10_z50_b1	69,4	1045,5527
m10_z50_b2	70,2	1007,54437
m10_z50_b5	66,6	1099,87024
m20_z100_b1	67,4	4786,41074
m20_z100_b2	67	4754,029
m20_z100_b5	63,8	4963,62479
m20_z50_b1	81,8	4071,3343
m20_z50_b2	80,4	3922,54351
m20_z50_b5	80,9	4507,36179
m2_z100_b1	80	421,52725
m2_z100_b2	67	418,35693
m2_z100_b5	67	423,10654
m2_z20_b1	80	409,83336
m2_z20_b2	80	415,02285
m2_z20_b5	80	408,77457
m2_z50_b1	80	410,51437
m2_z50_b2	80	421,80259
m2_z50_b5	67	413,5335
m5_z100_b1	60	668,75366
m5_z100_b2	55,4	743,04605
m5_z100_b5	57,2	758,42764
m5_z20_b1	82	521,93454
m5_z20_b2	85	510,35195
m5_z20_b5	71,6	541,03409
m5_z50_b1	64,2	607,91122
m5_z50_b2	64	591,10139
m5_z50_b5	62,2	594,98724
