m10_z100_b1	51,2	239,95239
m10_z100_b2	48,6	239,68658
m10_z100_b5	47,9	247,64113
m10_z20_b1	81,8	153,83769
m10_z20_b2	81,8	154,21779
m10_z20_b5	78	152,59026
m10_z50_b1	61,6	182,00397
m10_z50_b2	63	171,13771
m10_z50_b5	61,5	178,27217
m20_z100_b1	61	697,90933
m20_z100_b2	59,9	705,12017
m20_z100_b5	58,5	729,22857
m20_z50_b1	72,7	593,70099
m20_z50_b2	72,9	552,737
m20_z50_b5	73,4	623,62689
m2_z100_b1	78,7	77,46155
m2_z100_b2	67	78,2686
m2_z100_b5	60	79,56706
m2_z20_b1	80	77,22725
m2_z20_b2	76,4	77,93107
m2_z20_b5	77,4	77,08542
m2_z50_b1	78,7	77,05693
m2_z50_b2	80	78,97966
m2_z50_b5	67	78,00974
m5_z100_b1	50,2	115,1287
m5_z100_b2	46,1	131,83965
m5_z100_b5	47,8	124,70393
m5_z20_b1	72,4	91,62612
m5_z20_b2	75,4	91,636
m5_z20_b5	63,4	92,77309
m5_z50_b1	56,6	133,35773
m5_z50_b2	54,9	118,12387
m5_z50_b5	55,4	104,43245
