m10_z100_b1	54,3	286,34962
m10_z100_b2	51,8	316,2787
m10_z100_b5	49,4	342,90341
m10_z20_b1	81,9	186,638
m10_z20_b2	82,4	186,91619
m10_z20_b5	79	185,71504
m10_z50_b1	63,7	227,05171
m10_z50_b2	68,2	222,36265
m10_z50_b5	64,1	235,2675
m20_z100_b1	61,6	924,00936
m20_z100_b2	63	954,6952
m20_z100_b5	60,2	999,70888
m20_z50_b1	75,5	667,74444
m20_z50_b2	77,5	675,12253
m20_z50_b5	75,3	709,45763
m2_z100_b1	80	115,08232
m2_z100_b2	66	118,52166
m2_z100_b5	63	124,49013
m2_z20_b1	80	134,74519
m2_z20_b2	80	123,92377
m2_z20_b5	78,7	121,63932
m2_z50_b1	80	120,93303
m2_z50_b2	80	117,8537
m2_z50_b5	67	117,58421
m5_z100_b1	50,6	171,85208
m5_z100_b2	46,3	181,22201
m5_z100_b5	48,7	164,02555
m5_z20_b1	73,6	133,66222
m5_z20_b2	78,4	130,7339
m5_z20_b5	65	135,19428
m5_z50_b1	55,8	153,79077
m5_z50_b2	56,4	153,7621
m5_z50_b5	59,2	149,8634
