m10_z100_b1	54,4	630,51273
m10_z100_b2	56,4	622,64693
m10_z100_b5	55,2	666,36046
m10_z20_b1	85,4	364,64315
m10_z20_b2	83	377,41193
m10_z20_b5	83,6	370,59561
m10_z50_b1	68,2	459,04372
m10_z50_b2	69,8	478,86007
m10_z50_b5	66,3	496,30665
m20_z100_b1	66,2	2420,26698
m20_z100_b2	66,2	2157,70712
m20_z100_b5	63,8	2123,10348
m20_z50_b1	80,2	1410,16647
m20_z50_b2	79,2	1423,22593
m20_z50_b5	80,9	1537,75987
m2_z100_b1	78,7	230,94505
m2_z100_b2	67	221,48862
m2_z100_b5	63	236,5589
m2_z20_b1	80	230,53225
m2_z20_b2	78,7	231,49663
m2_z20_b5	78,7	228,80461
m2_z50_b1	80	230,86662
m2_z50_b2	78,7	232,06808
m2_z50_b5	67	234,35946
m5_z100_b1	56,7	313,96334
m5_z100_b2	50,5	342,26262
m5_z100_b5	53,7	327,98729
m5_z20_b1	78,8	264,12296
m5_z20_b2	77,4	259,95815
m5_z20_b5	67	265,93613
m5_z50_b1	60,8	297,74584
m5_z50_b2	63,4	294,65208
m5_z50_b5	59,8	293,72346
