m10_z100_b1	60,1	1328,88193
m10_z100_b2	56,4	1456,99338
m10_z100_b5	55	1427,02284
m10_z20_b1	86,6	875,91142
m10_z20_b2	86	891,8535
m10_z20_b5	84,2	877,02202
m10_z50_b1	69,3	1131,17314
m10_z50_b2	71,4	1033,94567
m10_z50_b5	67,8	1031,73673
m20_z100_b1	67,8	4594,44801
m20_z100_b2	66,8	5160,0952
m20_z100_b5	64,2	4959,91502
m20_z50_b1	81	4072,22122
m20_z50_b2	79	4003,23163
m20_z50_b5	80,8	4318,60208
m2_z100_b1	80	429,08624
m2_z100_b2	67	440,82403
m2_z100_b5	66	427,77124
m2_z20_b1	80	439,46297
m2_z20_b2	80	410,0312
m2_z20_b5	80	409,47037
m2_z50_b1	80	414,41007
m2_z50_b2	80	425,56545
m2_z50_b5	67	480,20479
m5_z100_b1	62,6	646,27677
m5_z100_b2	54,9	738,83994
m5_z100_b5	55,7	684,50405
m5_z20_b1	79	514,67288
m5_z20_b2	80	503,51703
m5_z20_b5	70,2	519,47248
m5_z50_b1	65,8	609,39852
m5_z50_b2	63,6	605,60467
m5_z50_b5	65,4	641,90475
