m10_z100_b1	57,3	537,77288
m10_z100_b2	53,2	533,81126
m10_z100_b5	54,2	550,01171
m10_z20_b1	84,2	359,7898
m10_z20_b2	83	385,30152
m10_z20_b5	80,8	361,16808
m10_z50_b1	66,7	417,67514
m10_z50_b2	68,2	395,59767
m10_z50_b5	64,3	405,95863
m20_z100_b1	61,8	1732,55858
m20_z100_b2	61,8	1712,56312
m20_z100_b5	60,2	1747,41505
m20_z50_b1	76,4	1660,79468
m20_z50_b2	75,1	1545,89282
m20_z50_b5	74,9	1781,39594
m2_z100_b1	80	157,6898
m2_z100_b2	67	160,80301
m2_z100_b5	63	158,48978
m2_z20_b1	80	150,14419
m2_z20_b2	80	154,51385
m2_z20_b5	80	150,89564
m2_z50_b1	80	151,73136
m2_z50_b2	78,7	214,03559
m2_z50_b5	67	154,31319
m5_z100_b1	55,6	252,62583
m5_z100_b2	49,6	281,87642
m5_z100_b5	52,3	269,08228
m5_z20_b1	75,6	196,69743
m5_z20_b2	78,2	196,61092
m5_z20_b5	68,2	199,30519
m5_z50_b1	61,6	240,83879
m5_z50_b2	61,2	234,45529
m5_z50_b5	60,1	226,23615
