m10_z100_b1	51,5	328,96674
m10_z100_b2	46,3	333,57851
m10_z100_b5	46,1	361,30381
m10_z20_b1	81,3	214,91987
m10_z20_b2	82,4	211,50556
m10_z20_b5	79,8	217,03537
m10_z50_b1	62	258,18111
m10_z50_b2	64,4	250,60928
m10_z50_b5	60,5	263,87301
m20_z100_b1	59,1	876,38342
m20_z100_b2	59,6	928,96808
m20_z100_b5	55	928,68142
m20_z50_b1	72,7	701,90981
m20_z50_b2	71,6	643,36566
m20_z50_b5	70,2	726,91483
m2_z100_b1	80	150,7039
m2_z100_b2	67	161,14888
m2_z100_b5	60,3	155,20878
m2_z20_b1	80	150,56258
m2_z20_b2	80	144,52369
m2_z20_b5	80	141,43789
m2_z50_b1	80	143,62497
m2_z50_b2	80	221,10647
m2_z50_b5	67	163,21028
m5_z100_b1	51,4	198,11214
m5_z100_b2	39,1	237,52483
m5_z100_b5	43	214,20256
m5_z20_b1	74	167,37647
m5_z20_b2	72,4	162,3977
m5_z20_b5	63,4	169,05768
m5_z50_b1	55,6	226,17208
m5_z50_b2	54,9	222,95436
m5_z50_b5	53,7	198,46325
