m10_z100_b1	61	630,19974
m10_z100_b2	54,4	618,17426
m10_z100_b5	54,5	653,79098
m10_z20_b1	84,3	360,39654
m10_z20_b2	82	363,19816
m10_z20_b5	81,9	367,70059
m10_z50_b1	67,1	468,68198
m10_z50_b2	71,4	490,94806
m10_z50_b5	66,6	447,40791
m20_z100_b1	65,6	2231,32514
m20_z100_b2	67	2361,50577
m20_z100_b5	63,6	2402,50885
m20_z50_b1	80,6	1498,6388
m20_z50_b2	78,4	1522,36327
m20_z50_b5	78	1541,71144
m2_z100_b1	80	231,04535
m2_z100_b2	67	233,41818
m2_z100_b5	61	233,97465
m2_z20_b1	80	239,70903
m2_z20_b2	78,7	231,90557
m2_z20_b5	80	233,51655
m2_z50_b1	80	231,8253
m2_z50_b2	74,8	233,61585
m2_z50_b5	67	240,49418
m5_z100_b1	57,9	325,10489
m5_z100_b2	51,2	353,75019
m5_z100_b5	51,8	346,77761
m5_z20_b1	76,6	268,54606
m5_z20_b2	80,4	268,53931
m5_z20_b5	67,8	268,02214
m5_z50_b1	61,5	299,48935
m5_z50_b2	62,9	350,30667
m5_z50_b5	59,2	299,2782
