m10_z100_b1	61	1303,58293
m10_z100_b2	58,1	1271,1471
m10_z100_b5	58,2	1178,58886
m10_z20_b1	86,6	675,83978
m10_z20_b2	87,8	669,95208
m10_z20_b5	84,8	694,55204
m10_z50_b1	69,4	967,56241
m10_z50_b2	72,1	953,79477
m10_z50_b5	68,6	858,87797
m20_z100_b1	70,2	4526,27467
m20_z100_b2	70,3	4600,48287
m20_z100_b5	64,8	4681,31071
m20_z50_b1	82,1	3463,74288
m20_z50_b2	81,4	3303,37214
m20_z50_b5	81	3642,82479
m2_z100_b1	80	309,64272
m2_z100_b2	67	314,38286
m2_z100_b5	66	318,07016
m2_z20_b1	80	309,83785
m2_z20_b2	80	308,62945
m2_z20_b5	80	308,1166
m2_z50_b1	80	310,25988
m2_z50_b2	80	311,2347
m2_z50_b5	67	380,64072
m5_z100_b1	64,8	498,85751
m5_z100_b2	54,8	568,67973
m5_z100_b5	58,4	535,01467
m5_z20_b1	78,2	393,92574
m5_z20_b2	82	380,78501
m5_z20_b5	70,8	408,53538
m5_z50_b1	68,4	465,39495
m5_z50_b2	64	475,68792
m5_z50_b5	64	466,62679
