m10_z100_b1	57,3	527,00996
m10_z100_b2	52,3	526,30473
m10_z100_b5	54,7	523,61275
m10_z20_b1	84,2	331,11726
m10_z20_b2	83	314,08739
m10_z20_b5	83	323,97698
m10_z50_b1	64,8	406,40309
m10_z50_b2	69	387,39564
m10_z50_b5	64,8	400,88755
m20_z100_b1	64,2	1917,99068
m20_z100_b2	64,6	1906,88696
m20_z100_b5	60,9	1910,09728
m20_z50_b1	77,2	1704,46247
m20_z50_b2	78,3	1609,82039
m20_z50_b5	74,6	1719,89709
m2_z100_b1	80	129,26353
m2_z100_b2	67	131,10945
m2_z100_b5	60,6	135,68441
m2_z20_b1	80	131,82344
m2_z20_b2	80	188,56717
m2_z20_b5	78,7	133,02489
m2_z50_b1	80	131,07722
m2_z50_b2	78,7	132,39628
m2_z50_b5	67	133,84388
m5_z100_b1	55,6	241,27829
m5_z100_b2	49,4	260,20814
m5_z100_b5	51,2	240,76865
m5_z20_b1	77,4	176,56714
m5_z20_b2	79,2	172,39589
m5_z20_b5	67,8	173,38052
m5_z50_b1	59,8	208,16238
m5_z50_b2	59,1	209,52111
m5_z50_b5	60,8	208,80354
