m10_z100_b1	55,2	709,39363
m10_z100_b2	52,4	743,92903
m10_z100_b5	50,6	717,24735
m10_z20_b1	85,4	492,69294
m10_z20_b2	83	465,69196
m10_z20_b5	81,8	467,14966
m10_z50_b1	65,8	549,94994
m10_z50_b2	67,4	530,22323
m10_z50_b5	63,9	570,97148
m20_z100_b1	60,6	2296,74687
m20_z100_b2	63,6	2190,17154
m20_z100_b5	59,1	2410,89787
m20_z50_b1	76	1978,06623
m20_z50_b2	76,2	1899,4973
m20_z50_b5	73,6	2040,62543
m2_z100_b1	80	252,26679
m2_z100_b2	67	259,4066
m2_z100_b5	67	259,4859
m2_z20_b1	80	246,75774
m2_z20_b2	80	318,66252
m2_z20_b5	80	251,6693
m2_z50_b1	80	253,48836
m2_z50_b2	80	252,34524
m2_z50_b5	67	253,52818
m5_z100_b1	55,8	369,94671
m5_z100_b2	49	419,19717
m5_z100_b5	50,1	398,36102
m5_z20_b1	78,2	302,73196
m5_z20_b2	78,2	300,75135
m5_z20_b5	68,2	306,34931
m5_z50_b1	59,8	341,78355
m5_z50_b2	61,6	345,16457
m5_z50_b5	59,4	344,84513
