m10_z100_b1	59,3	929,97633
m10_z100_b2	55,9	964,82126
m10_z100_b5	56	931,09933
m10_z20_b1	85,4	606,52627
m10_z20_b2	83,7	595,41393
m10_z20_b5	81,8	590,44389
m10_z50_b1	68,2	720,91886
m10_z50_b2	69,4	692,02703
m10_z50_b5	66,2	744,27381
m20_z100_b1	64,4	3477,31008
m20_z100_b2	64,6	3759,30798
m20_z100_b5	62,2	3429,89781
m20_z50_b1	77,4	3008,88639
m20_z50_b2	77,1	2969,37802
m20_z50_b5	77,2	3421,28947
m2_z100_b1	80	221,37683
m2_z100_b2	67	241,24922
m2_z100_b5	62,3	234,74039
m2_z20_b1	80	242,14566
m2_z20_b2	80	247,98597
m2_z20_b5	80	227,52335
m2_z50_b1	80	233,28588
m2_z50_b2	80	236,39726
m2_z50_b5	67	239,89387
m5_z100_b1	57,8	407,86764
m5_z100_b2	53,8	473,05961
m5_z100_b5	55,6	476,10876
m5_z20_b1	74,2	321,29403
m5_z20_b2	77,4	320,87483
m5_z20_b5	69,6	349,9172
m5_z50_b1	65,2	405,99883
m5_z50_b2	63,4	388,36536
m5_z50_b5	61,8	389,11773
