m10_z100_b1	60	958,18177
m10_z100_b2	54,6	938,30792
m10_z100_b5	54,6	975,95494
m10_z20_b1	84,8	629,56734
m10_z20_b2	85,4	683,75373
m10_z20_b5	83,7	749,26694
m10_z50_b1	67,8	770,93942
m10_z50_b2	72,2	722,93365
m10_z50_b5	65,8	717,754
m20_z100_b1	65,8	3733,39072
m20_z100_b2	64,2	3605,55445
m20_z100_b5	62,2	3715,68178
m20_z50_b1	77,7	3294,09686
m20_z50_b2	76,9	3085,79549
m20_z50_b5	77,4	3587,75619
m2_z100_b1	80	233,19664
m2_z100_b2	67	233,98583
m2_z100_b5	65	244,59989
m2_z20_b1	80	303,68222
m2_z20_b2	80	237,99209
m2_z20_b5	80	229,78743
m2_z50_b1	80	261,4926
m2_z50_b2	80	235,54415
m2_z50_b5	67	241,09187
m5_z100_b1	59,8	417,11655
m5_z100_b2	53,3	473,00659
m5_z100_b5	54	467,50432
m5_z20_b1	78,2	324,681
m5_z20_b2	75,6	323,64407
m5_z20_b5	69,2	328,12032
m5_z50_b1	61,6	373,85454
m5_z50_b2	61,6	380,01401
m5_z50_b5	61,2	373,90088
