m10_z100_b1	53,7	297,69656
m10_z100_b2	51,8	306,74239
m10_z100_b5	51,5	361,88339
m10_z20_b1	81,3	181,49915
m10_z20_b2	80,6	183,47834
m10_z20_b5	81,3	181,88496
m10_z50_b1	65,1	219,47722
m10_z50_b2	66,4	217,97782
m10_z50_b5	62,2	217,43607
m20_z100_b1	64,4	912,94992
m20_z100_b2	62,2	1013,44974
m20_z100_b5	61,1	935,68901
m20_z50_b1	76,1	715,8565
m20_z50_b2	77,3	708,13097
m20_z50_b5	75	729,53129
m2_z100_b1	73,1	117,79652
m2_z100_b2	67	117,11091
m2_z100_b5	63	120,18367
m2_z20_b1	80	117,16039
m2_z20_b2	78,7	116,96637
m2_z20_b5	80	115,45798
m2_z50_b1	80	116,4921
m2_z50_b2	77,4	115,5579
m2_z50_b5	67	118,74688
m5_z100_b1	53,2	160,93779
m5_z100_b2	44,9	175,9318
m5_z100_b5	47,9	165,97367
m5_z20_b1	75,2	130,86716
m5_z20_b2	75,8	130,04162
m5_z20_b5	67	132,68741
m5_z50_b1	60	147,22219
m5_z50_b2	56,8	147,79636
m5_z50_b5	55,2	152,50512
