m10_z100_b1	55,4	473,29811
m10_z100_b2	53,3	541,67302
m10_z100_b5	50,7	568,74863
m10_z20_b1	83,6	332,71636
m10_z20_b2	83,6	332,01527
m10_z20_b5	80,6	328,2727
m10_z50_b1	65,9	382,13997
m10_z50_b2	69	372,35283
m10_z50_b5	63,6	383,90262
m20_z100_b1	63,3	1683,65258
m20_z100_b2	62,2	1522,81605
m20_z100_b5	59,9	1942,9119
m20_z50_b1	76,5	1297,13176
m20_z50_b2	74,9	1243,33601
m20_z50_b5	75,2	1321,35388
m2_z100_b1	80	176,5501
m2_z100_b2	67	175,78725
m2_z100_b5	64	179,55109
m2_z20_b1	80	236,72782
m2_z20_b2	80	177,15397
m2_z20_b5	80	179,04554
m2_z50_b1	80	176,54251
m2_z50_b2	80	175,49024
m2_z50_b5	67	176,01723
m5_z100_b1	56,1	256,81637
m5_z100_b2	45,5	286,52355
m5_z100_b5	51,1	278,31002
m5_z20_b1	75,6	207,50877
m5_z20_b2	76,8	209,4901
m5_z20_b5	67	211,61537
m5_z50_b1	64,2	235,06203
m5_z50_b2	60,4	250,15512
m5_z50_b5	61,4	239,07558
