m10_z100_b1	59,2	854,57213
m10_z100_b2	57	906,91594
m10_z100_b5	57,8	880,16028
m10_z20_b1	85,4	471,80069
m10_z20_b2	84,2	472,82657
m10_z20_b5	83	476,68415
m10_z50_b1	69,8	611,67818
m10_z50_b2	72,6	603,89699
m10_z50_b5	67,4	608,74422
m20_z100_b1	69,5	3063,21542
m20_z100_b2	69,7	3204,97497
m20_z100_b5	66,2	3350,33771
m20_z50_b1	81,8	2081,79708
m20_z50_b2	80,8	2064,61094
m20_z50_b5	81,8	2206,85633
m2_z100_b1	78,7	254,88103
m2_z100_b2	67	259,13347
m2_z100_b5	66	288,45074
m2_z20_b1	77,4	255,13551
m2_z20_b2	77,4	260,51631
m2_z20_b5	77,4	305,18346
m2_z50_b1	80	259,10515
m2_z50_b2	78,7	258,15152
m2_z50_b5	67	257,27082
m5_z100_b1	60,6	380,66993
m5_z100_b2	57,1	414,25149
m5_z100_b5	54	408,92139
m5_z20_b1	81	304,6743
m5_z20_b2	84	298,1527
m5_z20_b5	68,2	306,90128
m5_z50_b1	66,2	361,62773
m5_z50_b2	67,6	354,10186
m5_z50_b5	60,4	355,69856
