m10_z100_b1	57,4	523,00128
m10_z100_b2	52,5	525,53526
m10_z100_b5	53,2	507,88273
m10_z20_b1	83,6	333,48104
m10_z20_b2	83,7	364,26003
m10_z20_b5	83	335,01044
m10_z50_b1	64,6	414,6429
m10_z50_b2	69,4	389,18733
m10_z50_b5	64,3	389,32743
m20_z100_b1	65,6	1918,69866
m20_z100_b2	65,8	1960,70411
m20_z100_b5	62	1827,62199
m20_z50_b1	77,7	1674,74744
m20_z50_b2	76,8	1597,94109
m20_z50_b5	75	1855,23089
m2_z100_b1	78,7	131,51159
m2_z100_b2	67	132,45803
m2_z100_b5	63,3	135,04375
m2_z20_b1	78,7	131,94524
m2_z20_b2	80	131,01088
m2_z20_b5	77,4	130,40769
m2_z50_b1	78,7	130,21991
m2_z50_b2	80	132,12693
m2_z50_b5	67	133,38174
m5_z100_b1	56	219,16335
m5_z100_b2	55	257,89501
m5_z100_b5	51,9	245,1169
m5_z20_b1	76,4	176,27577
m5_z20_b2	80	174,51469
m5_z20_b5	68,8	175,00721
m5_z50_b1	62	207,40188
m5_z50_b2	61,6	205,82064
m5_z50_b5	61,6	259,60585
