m10_z100_b1	51,3	481,48346
m10_z100_b2	48,7	515,1671
m10_z100_b5	47,8	508,47167
m10_z20_b1	80,1	357,50269
m10_z20_b2	79,6	348,84291
m10_z20_b5	79,6	347,39575
m10_z50_b1	61,1	402,23393
m10_z50_b2	65,8	379,3535
m10_z50_b5	62	394,9041
m20_z100_b1	58,4	1603,87683
m20_z100_b2	59,1	1381,08591
m20_z100_b5	57,1	1171,48046
m20_z50_b1	73,4	948,57638
m20_z50_b2	72,3	931,54888
m20_z50_b5	69,4	1013,14016
m2_z100_b1	80	256,38441
m2_z100_b2	67	269,83157
m2_z100_b5	63	276,09719
m2_z20_b1	80	296,97571
m2_z20_b2	80	266,63288
m2_z20_b5	80	317,85958
m2_z50_b1	80	263,7064
m2_z50_b2	78,7	266,47872
m2_z50_b5	67	260,21347
m5_z100_b1	48,1	357,58349
m5_z100_b2	41,4	364,46193
m5_z100_b5	45,6	335,57047
m5_z20_b1	73,2	276,31346
m5_z20_b2	75	285,12545
m5_z20_b5	68,4	286,38765
m5_z50_b1	56,2	300,52172
m5_z50_b2	55,4	303,02761
m5_z50_b5	55,8	299,8758
