m10_z100_b1	55,9	311,98224
m10_z100_b2	51,3	326,79465
m10_z100_b5	51,4	312,40858
m10_z20_b1	83,6	260,55145
m10_z20_b2	81,3	200,82297
m10_z20_b5	80,1	203,45868
m10_z50_b1	63,9	242,21955
m10_z50_b2	69,5	238,56232
m10_z50_b5	64,7	237,32664
m20_z100_b1	62	1038,46378
m20_z100_b2	61,6	1038,84508
m20_z100_b5	58,8	1028,70779
m20_z50_b1	77,1	959,2063
m20_z50_b2	74	855,2689
m20_z50_b5	74,9	971,10327
m2_z100_b1	78,7	104,26688
m2_z100_b2	66	101,19382
m2_z100_b5	63,3	102,29829
m2_z20_b1	80	98,28414
m2_z20_b2	80	98,28081
m2_z20_b5	80	98,42786
m2_z50_b1	80	96,13083
m2_z50_b2	78,7	97,58637
m2_z50_b5	67	99,20676
m5_z100_b1	54,1	155,02328
m5_z100_b2	45	177,00505
m5_z100_b5	46,5	162,34341
m5_z20_b1	76,8	124,48009
m5_z20_b2	74,8	121,57329
m5_z20_b5	65,8	125,11966
m5_z50_b1	55,2	146,98788
m5_z50_b2	60,2	146,03921
m5_z50_b5	59,2	187,56538
