m10_z100_b1	56,6	691,85844
m10_z100_b2	53,7	749,56144
m10_z100_b5	51,6	711,82047
m10_z20_b1	83	483,99298
m10_z20_b2	84,3	470,51041
m10_z20_b5	81,8	470,83591
m10_z50_b1	68,6	548,65148
m10_z50_b2	69	547,39278
m10_z50_b5	66,2	536,00457
m20_z100_b1	63,8	2156,26647
m20_z100_b2	63,6	2104,61738
m20_z100_b5	60,1	2179,90029
m20_z50_b1	76,3	1884,61644
m20_z50_b2	76	1912,9695
m20_z50_b5	74,8	2043,75444
m2_z100_b1	80	248,93717
m2_z100_b2	67	249,81265
m2_z100_b5	65	255,58587
m2_z20_b1	80	247,04706
m2_z20_b2	80	251,1061
m2_z20_b5	80	253,34855
m2_z50_b1	80	244,81724
m2_z50_b2	80	316,90531
m2_z50_b5	67	254,66292
m5_z100_b1	57	376,55702
m5_z100_b2	48,1	414,0768
m5_z100_b5	51,3	398,83506
m5_z20_b1	75,8	297,23381
m5_z20_b2	78,2	306,22551
m5_z20_b5	68,8	301,4484
m5_z50_b1	58,2	346,93248
m5_z50_b2	60	344,05562
m5_z50_b5	58,8	330,6359
