m10_z100_b1	54,3	434,05298
m10_z100_b2	54,1	391,36541
m10_z100_b5	51,6	406,40041
m10_z20_b1	84,9	235,72582
m10_z20_b2	84,8	233,38357
m10_z20_b5	80,7	240,23053
m10_z50_b1	66,6	292,59667
m10_z50_b2	70,2	290,91818
m10_z50_b5	63,8	297,67952
m20_z100_b1	65,2	1426,99462
m20_z100_b2	65	1375,56076
m20_z100_b5	62,1	1551,2266
m20_z50_b1	79,4	1030,96948
m20_z50_b2	76,5	1088,23177
m20_z50_b5	77,2	1108,25451
m2_z100_b1	76,1	130,59446
m2_z100_b2	67	131,37593
m2_z100_b5	62	134,38431
m2_z20_b1	78,7	129,65323
m2_z20_b2	80	130,57674
m2_z20_b5	78,7	128,9963
m2_z50_b1	80	132,09425
m2_z50_b2	78,7	130,9074
m2_z50_b5	67	132,78266
m5_z100_b1	53,5	194,87754
m5_z100_b2	50,6	214,67234
m5_z100_b5	50,3	204,19017
m5_z20_b1	78,4	159,19906
m5_z20_b2	77,4	155,10158
m5_z20_b5	67	161,1807
m5_z50_b1	58,8	181,82836
m5_z50_b2	59,6	176,87306
m5_z50_b5	56,6	181,26257
