m10_z100_b1	52,5	317,86267
m10_z100_b2	50,3	371,50754
m10_z100_b5	50,9	349,05605
m10_z20_b1	80	228,62857
m10_z20_b2	83	232,37782
m10_z20_b5	80,6	239,43357
m10_z50_b1	63,2	276,50293
m10_z50_b2	65,5	265,45513
m10_z50_b5	62,6	264,30486
m20_z100_b1	61,8	1050,9116
m20_z100_b2	60	1092,49977
m20_z100_b5	57,3	1078,68233
m20_z50_b1	74,7	1010,97169
m20_z50_b2	75,6	927,29829
m20_z50_b5	72,5	996,80321
m2_z100_b1	80	119,49983
m2_z100_b2	67	126,8751
m2_z100_b5	63	130,55294
m2_z20_b1	80	123,57761
m2_z20_b2	80	125,19439
m2_z20_b5	80	122,21291
m2_z50_b1	80	127,71171
m2_z50_b2	80	125,45624
m2_z50_b5	67	125,28278
m5_z100_b1	53,1	183,48184
m5_z100_b2	43,4	213,78225
m5_z100_b5	44,3	200,83375
m5_z20_b1	73,2	151,08517
m5_z20_b2	77,2	160,27903
m5_z20_b5	67,8	158,10746
m5_z50_b1	60,2	174,71017
m5_z50_b2	61,6	166,91569
m5_z50_b5	58,6	169,32022
