m10_z100_b1	54,7	646,26975
m10_z100_b2	52,1	690,88549
m10_z100_b5	52,2	746,34646
m10_z20_b1	84,2	485,87187
m10_z20_b2	84,2	520,83194
m10_z20_b5	81,8	551,45043
m10_z50_b1	65,4	576,3047
m10_z50_b2	69,4	554,37068
m10_z50_b5	65,4	560,46509
m20_z100_b1	64,2	2195,57827
m20_z100_b2	63,8	2249,80851
m20_z100_b5	58,9	2117,45455
m20_z50_b1	76,2	1972,22253
m20_z50_b2	76	1927,32835
m20_z50_b5	75,3	2153,72408
m2_z100_b1	80	249,90239
m2_z100_b2	67	254,63921
m2_z100_b5	65	253,111
m2_z20_b1	80	247,35197
m2_z20_b2	80	249,61926
m2_z20_b5	80	239,47183
m2_z50_b1	80	242,86354
m2_z50_b2	80	250,55656
m2_z50_b5	67	267,30349
m5_z100_b1	57,2	408,36268
m5_z100_b2	48,3	441,59103
m5_z100_b5	53	433,57094
m5_z20_b1	80,2	316,52343
m5_z20_b2	79	314,36096
m5_z20_b5	68,4	307,28216
m5_z50_b1	59,8	337,05862
m5_z50_b2	64,2	348,26885
m5_z50_b5	60	350,12089
