m10_z100_b1	49,8	192,0347
m10_z100_b2	50,8	179,80415
m10_z100_b5	49,7	179,61056
m10_z20_b1	80,4	107,33613
m10_z20_b2	80,2	110,86816
m10_z20_b5	79	108,68211
m10_z50_b1	63,5	135,91338
m10_z50_b2	63,3	132,36745
m10_z50_b5	62,7	132,88431
m20_z100_b1	60,9	553,99805
m20_z100_b2	60,3	570,05706
m20_z100_b5	58,7	593,67974
m20_z50_b1	75,5	449,82948
m20_z50_b2	72,9	465,94561
m20_z50_b5	75,4	536,03086
m2_z100_b1	77,4	59,79687
m2_z100_b2	66	60,5541
m2_z100_b5	59,6	61,46298
m2_z20_b1	78,7	59,77906
m2_z20_b2	72,2	59,83799
m2_z20_b5	77,4	59,33782
m2_z50_b1	77,4	60,03274
m2_z50_b2	77,4	59,94362
m2_z50_b5	67	60,11294
m5_z100_b1	53,9	92,11787
m5_z100_b2	40,3	97,29655
m5_z100_b5	49,1	92,13137
m5_z20_b1	71,8	70,96246
m5_z20_b2	73,2	70,49196
m5_z20_b5	64	72,99011
m5_z50_b1	55,2	79,62726
m5_z50_b2	55,7	80,09162
m5_z50_b5	56,1	84,19397
