m10_z100_b1	49,9	132,56268
m10_z100_b2	48,3	140,94149
m10_z100_b5	45,4	125,86964
m10_z20_b1	80,8	85,61109
m10_z20_b2	79,6	83,02604
m10_z20_b5	75,4	83,65282
m10_z50_b1	60,8	101,93618
m10_z50_b2	63,7	95,11085
m10_z50_b5	60,5	101,80782
m20_z100_b1	57,8	412,95173
m20_z100_b2	59,5	376,2093
m20_z100_b5	56,5	400,1131
m20_z50_b1	72,3	313,34778
m20_z50_b2	73	290,32844
m20_z50_b5	71,8	314,31166
m2_z100_b1	73,5	53,59468
m2_z100_b2	65	54,23308
m2_z100_b5	58	55,31422
m2_z20_b1	78,7	53,31027
m2_z20_b2	78,7	53,95725
m2_z20_b5	74,8	53,56547
m2_z50_b1	77,4	53,90915
m2_z50_b2	74,8	53,74875
m2_z50_b5	66	55,67099
m5_z100_b1	46,6	71,89542
m5_z100_b2	36,6	82,6483
m5_z100_b5	43,5	81,92876
m5_z20_b1	72,8	61,26251
m5_z20_b2	69,6	63,7322
m5_z20_b5	62,2	60,35916
m5_z50_b1	60,2	69,56386
m5_z50_b2	53,9	68,4282
m5_z50_b5	51,6	68,4682
