m10_z100_b1	53,8	295,45841
m10_z100_b2	52,9	304,17112
m10_z100_b5	53,3	288,57101
m10_z20_b1	84,3	196,2235
m10_z20_b2	81,2	230,99546
m10_z20_b5	80,2	184,39495
m10_z50_b1	63,8	225,68139
m10_z50_b2	64,8	210,2812
m10_z50_b5	62,1	223,19288
m20_z100_b1	65,6	1026,32758
m20_z100_b2	61,5	1010,71451
m20_z100_b5	60	944,86655
m20_z50_b1	75,6	676,79525
m20_z50_b2	76,6	697,59887
m20_z50_b5	74	740,44465
m2_z100_b1	78,7	117,34363
m2_z100_b2	66	117,75996
m2_z100_b5	61	119,50651
m2_z20_b1	80	117,07633
m2_z20_b2	80	117,63694
m2_z20_b5	80	117,14501
m2_z50_b1	80	116,01541
m2_z50_b2	74,4	119,07662
m2_z50_b5	67	116,674
m5_z100_b1	53,8	162,19698
m5_z100_b2	47,5	179,17214
m5_z100_b5	48,1	168,37417
m5_z20_b1	70,4	134,9491
m5_z20_b2	78,4	131,02051
m5_z20_b5	67,6	136,71921
m5_z50_b1	60	149,04822
m5_z50_b2	57	146,60066
m5_z50_b5	58,2	146,12752
