m10_z100_b1	56,4	814,25196
m10_z100_b2	53,6	682,77791
m10_z100_b5	52,2	676,4265
m10_z20_b1	84,8	447,16404
m10_z20_b2	84,8	431,06389
m10_z20_b5	83	428,50351
m10_z50_b1	66,3	521,82098
m10_z50_b2	68,2	506,79101
m10_z50_b5	65,9	513,91369
m20_z100_b1	64	2355,82171
m20_z100_b2	65,6	2327,38122
m20_z100_b5	61,7	2326,31228
m20_z50_b1	78,1	1947,15234
m20_z50_b2	77,2	1989,34645
m20_z50_b5	77,4	2119,0454
m2_z100_b1	80	203,14449
m2_z100_b2	67	215,96995
m2_z100_b5	64	220,43176
m2_z20_b1	80	208,13079
m2_z20_b2	80	221,15604
m2_z20_b5	77,4	198,23681
m2_z50_b1	80	210,45517
m2_z50_b2	80	201,52986
m2_z50_b5	67	213,95314
m5_z100_b1	57,2	351,23775
m5_z100_b2	48,4	386,37234
m5_z100_b5	51,4	359,78297
m5_z20_b1	80,2	268,82758
m5_z20_b2	79,2	332,24713
m5_z20_b5	68,4	282,17479
m5_z50_b1	60,6	308,01925
m5_z50_b2	62,2	301,33556
m5_z50_b5	61,6	356,24746
