m10_z100_b1	49,4	59,61784
m10_z100_b2	45,2	66,3512
m10_z100_b5	46,5	65,66635
m10_z20_b1	78,2	40,57572
m10_z20_b10	76,1	38,63853
m10_z20_b2	76,6	38,49562
m10_z20_b5	75,2	39,64329
m10_z50_b1	60,4	48,86804
m10_z50_b2	64,5	87,68564
m10_z50_b5	60,5	102,2764
m20_z100_b1	58,4	391,99819
m20_z100_b2	59,6	388,98934
m20_z100_b5	56,4	400,0424
m20_z50_b1	73,1	294,71802
m20_z50_b2	73,9	300,07839
m20_z50_b5	72,1	325,60832
m2_z100_b1	76,1	54,11675
m2_z100_b2	66	54,85312
m2_z100_b5	60,3	55,50639
m2_z20_b1	77,4	55,13512
m2_z20_b2	76,1	54,71553
m2_z20_b5	76,1	56,02555
m2_z50_b1	80	55,14626
m2_z50_b2	76,1	54,92296
m2_z50_b5	66	54,93351
m5_z100_b1	47,7	75,79809
m5_z100_b2	43,9	82,59246
m5_z100_b5	49	79,62606
m5_z20_b1	68,4	62,72066
m5_z20_b2	75,8	60,88376
m5_z20_b5	63,6	61,2454
m5_z50_b1	54,9	69,53767
m5_z50_b2	52,5	70,5251
m5_z50_b5	53,1	68,80774
