m10_z100_b1	54,5	327,87973
m10_z100_b2	50,5	313,06135
m10_z100_b5	50,4	314,78102
m10_z20_b1	83,1	208,62677
m10_z20_b2	82,5	202,56836
m10_z20_b5	80	210,2086
m10_z50_b1	65,8	252,08083
m10_z50_b2	68,2	242,37595
m10_z50_b5	63,1	241,70308
m20_z100_b1	61,6	1050,35112
m20_z100_b2	61,6	1130,12605
m20_z100_b5	59,1	1002,30187
m20_z50_b1	76,6	881,52528
m20_z50_b2	74,6	844,24505
m20_z50_b5	73,4	969,55343
m2_z100_b1	78,7	154,09972
m2_z100_b2	67	99,129
m2_z100_b5	63	101,13718
m2_z20_b1	80	96,04724
m2_z20_b2	78,7	97,81552
m2_z20_b5	77,4	95,76113
m2_z50_b1	78,7	95,76878
m2_z50_b2	80	96,80887
m2_z50_b5	67	97,77508
m5_z100_b1	52,2	151,0102
m5_z100_b2	48,8	174,54439
m5_z100_b5	48,1	164,2014
m5_z20_b1	76,6	122,34783
m5_z20_b2	75,6	118,57252
m5_z20_b5	66,4	125,2674
m5_z50_b1	57,8	139,17463
m5_z50_b2	61	139,10141
m5_z50_b5	55,2	140,44833
