m10_z100_b1	56,3	313,26364
m10_z100_b2	49,4	300,00934
m10_z100_b5	52,2	302,70121
m10_z20_b1	84,2	178,2273
m10_z20_b2	82,5	228,86592
m10_z20_b5	80,6	168,4654
m10_z50_b1	65,2	222,04882
m10_z50_b2	68,6	208,3436
m10_z50_b5	64,3	199,54276
m20_z100_b1	63	1079,7159
m20_z100_b2	65	1158,25066
m20_z100_b5	61	1054,10937
m20_z50_b1	77	794,91761
m20_z50_b2	75,8	847,13567
m20_z50_b5	75	927,61295
m2_z100_b1	80	78,72801
m2_z100_b2	67	81,21673
m2_z100_b5	63	81,6106
m2_z20_b1	78,7	79,5125
m2_z20_b2	78,7	78,68547
m2_z20_b5	74,8	79,28999
m2_z50_b1	80	78,39364
m2_z50_b2	77,4	79,46574
m2_z50_b5	67	81,16299
m5_z100_b1	58,5	124,64712
m5_z100_b2	50,4	149,7092
m5_z100_b5	49,1	135,40834
m5_z20_b1	77,4	96,7058
m5_z20_b2	75	95,91628
m5_z20_b5	68,2	99,09061
m5_z50_b1	57,4	114,96872
m5_z50_b2	57,6	119,69743
m5_z50_b5	56,3	116,53786
