m10_z100_b1	51,3	321,56922
m10_z100_b2	47,6	314,69182
m10_z100_b5	46,3	370,24173
m10_z20_b1	81,3	216,91478
m10_z20_b2	81,9	244,91706
m10_z20_b5	78	235,5094
m10_z50_b1	63,7	254,44021
m10_z50_b2	63,4	236,7552
m10_z50_b5	60,5	335,96777
m20_z100_b1	59,3	870,33755
m20_z100_b2	59,5	919,95126
m20_z100_b5	56,7	1045,97349
m20_z50_b1	72,6	677,09128
m20_z50_b2	74,1	729,38778
m20_z50_b5	72,7	939,10145
m2_z100_b1	78,7	146,20185
m2_z100_b2	67	171,40677
m2_z100_b5	62	156,04537
m2_z20_b1	80	170,68402
m2_z20_b2	80	174,65294
m2_z20_b5	80	203,84
m2_z50_b1	80	189,39695
m2_z50_b2	80	243,90685
m2_z50_b5	67	249,50812
m5_z100_b1	51,9	218,47038
m5_z100_b2	43,9	232,15132
m5_z100_b5	42,4	294,26648
m5_z20_b1	72,6	174,04571
m5_z20_b2	71,8	174,20154
m5_z20_b5	65,8	170,40965
m5_z50_b1	54,6	182,24201
m5_z50_b2	55	189,95848
m5_z50_b5	54,9	181,49418
