m10_z100_b1	57,9	620,06166
m10_z100_b2	56,8	644,30278
m10_z100_b5	56,2	657,55097
m10_z20_b1	84,8	366,3036
m10_z20_b2	84,8	420,14175
m10_z20_b5	81,8	374,28472
m10_z50_b1	69	469,65479
m10_z50_b2	68,2	434,40083
m10_z50_b5	65,2	465,17809
m20_z100_b1	68	2248,71709
m20_z100_b2	67,8	2221,85132
m20_z100_b5	63,8	2263,78608
m20_z50_b1	79,5	1450,63508
m20_z50_b2	78,6	1497,50313
m20_z50_b5	78,4	1552,81368
m2_z100_b1	80	230,81402
m2_z100_b2	67	232,96499
m2_z100_b5	64	235,22945
m2_z20_b1	80	216,75445
m2_z20_b2	80	230,81842
m2_z20_b5	80	229,04999
m2_z50_b1	80	227,85755
m2_z50_b2	80	228,87466
m2_z50_b5	67	230,87915
m5_z100_b1	56,9	314,11916
m5_z100_b2	49,4	347,24747
m5_z100_b5	54,7	328,40035
m5_z20_b1	79,2	262,27895
m5_z20_b2	78,2	261,21838
m5_z20_b5	68,8	320,04033
m5_z50_b1	63,4	295,62291
m5_z50_b2	55,7	296,06754
m5_z50_b5	60,8	293,34365
