3
3
6
6
8
9
10
11
11
14
15
17
18
18
20
21
22
23
27
28
28
28
29
29
30
31
31
32
34
35
37
37
37
38
40
42
43
43
46
48
49
51
52
55
56
57
57
58
58
59
61
64
65
65
65
65
66
67
68
70
71
71
72
73
73
75
76
76
76
79
81
82
83
86
86
88
88
89
92
93
94
94
97
98
99
102
102
103
103
106
108
109
110
110
113
113
113
113
116
116
117
119
120
121
123
128
130
131
131
131
131
134
134
137
138
138
140
141
141
142
144
144
145
147
151
155
156
159
159
162
165
165
167
168
170
173
174
174
181
184
184
185
186
187
192
193
195
196
196
196
199
199
202
202
202
202
205
207
210
213
214
216
216
217
219
220
220
222
222
224
226
228
230
230
232
233
237
243
244
244
248
250
251
254
254
257
259
260
261
268
272
273
275
275
278
278
283
286
287
293
295
297
305
308
312
315
315
316
318
324
325
326
330
335
340
343
351
358
361
381
388
389
391
391
391
416
418
428
446
456
456
