m10_z100_b1	61,3	1055,82079
m10_z100_b2	56,4	1164,28533
m10_z100_b5	54,8	1218,95668
m10_z20_b1	86,6	709,38647
m10_z20_b2	84,5	697,32477
m10_z20_b5	84,2	699,82308
m10_z50_b1	67	856,09083
m10_z50_b2	69,4	828,15381
m10_z50_b5	68,6	849,57034
m20_z100_b1	67,2	4424,25441
m20_z100_b2	67,2	4249,76114
m20_z100_b5	63,2	4298,93016
m20_z50_b1	80,8	3833,67244
m20_z50_b2	78,5	3602,92546
m20_z50_b5	80,8	4000,39507
m2_z100_b1	80	294,93263
m2_z100_b2	67	292,27422
m2_z100_b5	67	282,67062
m2_z20_b1	80	273,11053
m2_z20_b2	80	285,64589
m2_z20_b5	80	267,336
m2_z50_b1	80	300,97832
m2_z50_b2	80	275,21882
m2_z50_b5	67	274,5685
m5_z100_b1	61	469,81422
m5_z100_b2	51,6	623,41536
m5_z100_b5	55,4	590,1695
m5_z20_b1	79,2	383,36101
m5_z20_b2	80,2	360,90058
m5_z20_b5	69,6	384,3617
m5_z50_b1	66,6	459,4244
m5_z50_b2	65,2	461,48347
m5_z50_b5	60,8	478,42497
