m10_z100_b1	59,2	618,38376
m10_z100_b2	56,2	648,12344
m10_z100_b5	55,4	676,78601
m10_z20_b1	84,2	368,66536
m10_z20_b2	83,1	421,72935
m10_z20_b5	83,6	368,69803
m10_z50_b1	68,3	472,82648
m10_z50_b2	72,2	505,08883
m10_z50_b5	67	526,54112
m20_z100_b1	67,2	2159,79008
m20_z100_b2	65,6	2421,36392
m20_z100_b5	64,4	2270,64791
m20_z50_b1	79,6	1457,25133
m20_z50_b2	78,6	1511,8165
m20_z50_b5	78,2	1541,8995
m2_z100_b1	78,7	229,41014
m2_z100_b2	67	233,02872
m2_z100_b5	63	237,34885
m2_z20_b1	80	228,0579
m2_z20_b2	80	228,51503
m2_z20_b5	78,7	228,44829
m2_z50_b1	78,7	231,41443
m2_z50_b2	80	231,56616
m2_z50_b5	67	225,88046
m5_z100_b1	57,5	322,71305
m5_z100_b2	50,7	339,00399
m5_z100_b5	52,9	319,38113
m5_z20_b1	78,2	267,13611
m5_z20_b2	80,4	315,23039
m5_z20_b5	71	270,76745
m5_z50_b1	59,2	304,3068
m5_z50_b2	65,6	291,31161
m5_z50_b5	63,4	294,30824
