m10_z100_b1	49,1	353,54945
m10_z100_b2	46,1	361,34316
m10_z100_b5	45,9	358,62882
m10_z20_b1	80,2	270,30986
m10_z20_b2	82,4	255,88341
m10_z20_b5	76,5	257,49614
m10_z50_b1	62,6	326,7863
m10_z50_b2	63,7	309,58045
m10_z50_b5	59,7	293,41707
m20_z100_b1	59,3	919,93965
m20_z100_b2	59	890,64042
m20_z100_b5	56,7	984,42614
m20_z50_b1	71,5	760,26763
m20_z50_b2	71,7	749,68286
m20_z50_b5	71	733,46406
m2_z100_b1	80	187,82233
m2_z100_b2	67	192,61271
m2_z100_b5	61	189,28663
m2_z20_b1	80	185,65906
m2_z20_b2	80	190,69393
m2_z20_b5	80	187,84816
m2_z50_b1	80	185,55489
m2_z50_b2	80	187,62186
m2_z50_b5	67	187,96655
m5_z100_b1	47,5	242,17421
m5_z100_b2	37,9	267,78007
m5_z100_b5	41,2	333,17242
m5_z20_b1	71,8	208,82889
m5_z20_b2	72	203,12222
m5_z20_b5	64	214,53433
m5_z50_b1	52,2	228,43743
m5_z50_b2	54	227,17005
m5_z50_b5	54	227,01746
