m10_z100_b1	50,3	373,85684
m10_z100_b2	46,8	460,54255
m10_z100_b5	47,3	381,00717
m10_z20_b1	79,6	259,15667
m10_z20_b2	78,5	252,117
m10_z20_b5	79	269,05208
m10_z50_b1	60	303,92453
m10_z50_b2	62,9	297,13838
m10_z50_b5	59,5	304,00499
m20_z100_b1	59,3	891,42763
m20_z100_b2	57,3	932,18565
m20_z100_b5	55,7	917,3087
m20_z50_b1	73,2	706,60398
m20_z50_b2	71,2	688,99779
m20_z50_b5	70,1	795,19357
m2_z100_b1	80	187,80897
m2_z100_b2	67	192,9376
m2_z100_b5	62	189,85042
m2_z20_b1	80	203,71565
m2_z20_b2	80	195,10391
m2_z20_b5	80	184,97478
m2_z50_b1	78,7	187,78563
m2_z50_b2	80	189,05215
m2_z50_b5	67	201,92352
m5_z100_b1	49,4	259,75557
m5_z100_b2	38,9	290,83699
m5_z100_b5	42,4	277,09062
m5_z20_b1	71,8	235,30064
m5_z20_b2	74,4	235,15118
m5_z20_b5	64	236,87215
m5_z50_b1	55,2	233,9119
m5_z50_b2	53,7	223,14362
m5_z50_b5	52,9	225,83949
