m10_z100_b1	53,3	317,93954
m10_z100_b2	50,9	308,3953
m10_z100_b5	49,6	318,2796
m10_z20_b1	83	207,35159
m10_z20_b2	83	201,57083
m10_z20_b5	81,3	209,04106
m10_z50_b1	64,8	253,67713
m10_z50_b2	67,8	311,4819
m10_z50_b5	63	245,26211
m20_z100_b1	61,8	1019,23174
m20_z100_b2	61,8	1029,52386
m20_z100_b5	58,8	1023,46185
m20_z50_b1	76,4	875,58423
m20_z50_b2	75,7	925,41308
m20_z50_b5	74,3	975,41414
m2_z100_b1	78,7	95,49051
m2_z100_b2	67	98,4747
m2_z100_b5	65	99,54434
m2_z20_b1	80	95,33161
m2_z20_b2	80	97,23666
m2_z20_b5	80	96,15447
m2_z50_b1	78,7	95,6755
m2_z50_b2	78,7	98,48009
m2_z50_b5	67	97,85045
m5_z100_b1	55,1	150,18511
m5_z100_b2	44,8	181,09259
m5_z100_b5	48,5	165,63351
m5_z20_b1	75	120,79569
m5_z20_b2	79,4	118,92113
m5_z20_b5	65,8	119,53371
m5_z50_b1	56,8	141,05114
m5_z50_b2	58	140,26242
m5_z50_b5	56,2	139,54379
