m10_z100_b1	58,8	610,17805
m10_z100_b2	54,9	632,11074
m10_z100_b5	54,5	602,94446
m10_z20_b1	87,2	340,88137
m10_z20_b2	84,9	340,64223
m10_z20_b5	83	406,83239
m10_z50_b1	68,6	446,44351
m10_z50_b2	69,8	447,70072
m10_z50_b5	67,1	425,41744
m20_z100_b1	67,4	2262,72419
m20_z100_b2	67,8	2238,22125
m20_z100_b5	63	2146,34138
m20_z50_b1	80,8	1671,96602
m20_z50_b2	79,4	1648,93221
m20_z50_b5	80	1727,18124
m2_z100_b1	77,4	156,56277
m2_z100_b2	67	158,90998
m2_z100_b5	63	161,80229
m2_z20_b1	78,7	157,07852
m2_z20_b2	80	157,1296
m2_z20_b5	80	155,4357
m2_z50_b1	78,7	158,01916
m2_z50_b2	77,4	158,65061
m2_z50_b5	67	162,92019
m5_z100_b1	60,5	253,76227
m5_z100_b2	50,5	282,24867
m5_z100_b5	51,8	269,2364
m5_z20_b1	77,6	204,76823
m5_z20_b2	79	193,68553
m5_z20_b5	68,4	201,74777
m5_z50_b1	59,8	240,08518
m5_z50_b2	60,6	231,63209
m5_z50_b5	58,8	234,0691
