m10_z100_b1	54,4	301,51709
m10_z100_b2	51,3	316,84691
m10_z100_b5	50,2	303,36819
m10_z20_b1	79,2	189,73029
m10_z20_b2	81,3	190,19416
m10_z20_b5	80,1	186,40792
m10_z50_b1	64,5	220,86216
m10_z50_b2	63,9	216,72039
m10_z50_b5	63,9	219,79564
m20_z100_b1	63	920,5965
m20_z100_b2	63,8	978,12523
m20_z100_b5	59,2	1006,56146
m20_z50_b1	76,3	732,30002
m20_z50_b2	73,5	707,05003
m20_z50_b5	74,8	691,40551
m2_z100_b1	78,7	114,17238
m2_z100_b2	67	115,94662
m2_z100_b5	61	120,09795
m2_z20_b1	78,7	115,66912
m2_z20_b2	78,7	117,42866
m2_z20_b5	78,7	115,58042
m2_z50_b1	80	116,53497
m2_z50_b2	76,1	116,88706
m2_z50_b5	67	116,15796
m5_z100_b1	52,6	156,60543
m5_z100_b2	45,6	175,1977
m5_z100_b5	46,7	165,08391
m5_z20_b1	73,6	130,66297
m5_z20_b2	75,8	132,21976
m5_z20_b5	65,2	135,12458
m5_z50_b1	54,9	150,12845
m5_z50_b2	57,2	146,00629
m5_z50_b5	55	148,09204
