m10_z100_b1	56,8	990,24213
m10_z100_b2	54,4	1013,2053
m10_z100_b5	55,1	1053,64264
m10_z20_b1	86,6	693,20009
m10_z20_b2	84,8	628,09491
m10_z20_b5	83,6	670,12598
m10_z50_b1	68,6	780,33369
m10_z50_b2	68,6	716,61339
m10_z50_b5	64,6	756,50678
m20_z100_b1	65,4	3282,96373
m20_z100_b2	67,4	3138,37032
m20_z100_b5	63,8	3312,99993
m20_z50_b1	79,2	2609,9432
m20_z50_b2	80,3	2658,26035
m20_z50_b5	77,7	3001,95964
m2_z100_b1	80	367,11362
m2_z100_b2	67	368,22762
m2_z100_b5	65	385,80143
m2_z20_b1	80	354,26601
m2_z20_b2	80	342,26806
m2_z20_b5	80	387,58547
m2_z50_b1	80	367,96557
m2_z50_b2	80	534,91562
m2_z50_b5	67	394,20189
m5_z100_b1	58,7	554,73083
m5_z100_b2	53,8	615,95719
m5_z100_b5	51,8	530,70964
m5_z20_b1	82	499,14718
m5_z20_b2	80,2	430,02201
m5_z20_b5	70,2	441,67197
m5_z50_b1	65,2	489,13109
m5_z50_b2	62,6	473,18803
m5_z50_b5	60,6	513,29534
