m10_z100_b1	54,7	533,52267
m10_z100_b2	52,4	554,4777
m10_z100_b5	52,9	566,70876
m10_z20_b1	85,4	367,04827
m10_z20_b2	83	377,08032
m10_z20_b5	81,2	387,20807
m10_z50_b1	67,4	447,72744
m10_z50_b2	69,4	455,50447
m10_z50_b5	64,6	440,81423
m20_z100_b1	63,2	1953,1529
m20_z100_b2	62,6	1946,38638
m20_z100_b5	60,3	1878,29707
m20_z50_b1	77,4	1629,2093
m20_z50_b2	75,1	1615,19808
m20_z50_b5	74,4	1747,93397
m2_z100_b1	80	151,99808
m2_z100_b2	67	152,98621
m2_z100_b5	66	157,06417
m2_z20_b1	80	153,56078
m2_z20_b2	80	153,9086
m2_z20_b5	80	150,9461
m2_z50_b1	80	154,15237
m2_z50_b2	80	155,87291
m2_z50_b5	67	154,4086
m5_z100_b1	57,8	246,21892
m5_z100_b2	49	280,577
m5_z100_b5	49,7	283,24263
m5_z20_b1	76,4	197,71445
m5_z20_b2	77,4	195,27336
m5_z20_b5	68,8	197,09921
m5_z50_b1	62,8	281,50255
m5_z50_b2	61,6	230,34349
m5_z50_b5	59,8	231,32288
