m10_z100_b1	63	895,22004
m10_z100_b2	55,5	901,56519
m10_z100_b5	58,3	826,64507
m10_z20_b1	86,6	492,27954
m10_z20_b2	84,8	467,23548
m10_z20_b5	83	471,01691
m10_z50_b1	68,6	671,45865
m10_z50_b2	73,1	601,97299
m10_z50_b5	68,2	694,42333
m20_z100_b1	69,4	3067,5876
m20_z100_b2	69,6	3018,27258
m20_z100_b5	66,6	3035,35614
m20_z50_b1	82,6	2062,63217
m20_z50_b2	79,7	2223,73863
m20_z50_b5	82,4	2305,49089
m2_z100_b1	78,7	245,91413
m2_z100_b2	67	261,3224
m2_z100_b5	66	264,02401
m2_z20_b1	80	256,26424
m2_z20_b2	80	319,38279
m2_z20_b5	77,7	238,77357
m2_z50_b1	80	242,45504
m2_z50_b2	80	257,1609
m2_z50_b5	67	259,67687
m5_z100_b1	60,8	382,11892
m5_z100_b2	54,7	432,09517
m5_z100_b5	54,9	401,90405
m5_z20_b1	77,4	308,74315
m5_z20_b2	77,2	305,05514
m5_z20_b5	70	309,65242
m5_z50_b1	62,8	356,10035
m5_z50_b2	64,2	361,26466
m5_z50_b5	62,2	364,09603
