m10_z100_b1	49,6	164,69963
m10_z100_b2	44,8	165,33509
m10_z100_b5	44,9	155,79529
m10_z20_b1	77,6	102,95105
m10_z20_b2	78,7	99,92625
m10_z20_b5	77,6	100,01737
m10_z50_b1	60,5	124,49635
m10_z50_b2	63,3	117,40825
m10_z50_b5	59,4	119,33518
m20_z100_b1	57,2	403,44158
m20_z100_b2	57,9	440,13049
m20_z100_b5	56,4	466,61773
m20_z50_b1	71,6	319,78038
m20_z50_b2	71,6	310,96931
m20_z50_b5	69,4	326,48578
m2_z100_b1	74,8	68,75105
m2_z100_b2	64	70,23766
m2_z100_b5	58,3	71,3704
m2_z20_b1	78,7	69,16033
m2_z20_b2	76,1	70,91448
m2_z20_b5	78,7	68,60582
m2_z50_b1	77,4	70,89768
m2_z50_b2	77,4	69,30182
m2_z50_b5	67	69,42129
m5_z100_b1	44,2	90,76324
m5_z100_b2	37,8	108,41606
m5_z100_b5	41,2	100,65525
m5_z20_b1	69,4	79,51347
m5_z20_b2	71	77,39295
m5_z20_b5	64,2	78,32918
m5_z50_b1	54	90,38305
m5_z50_b2	52,5	93,43396
m5_z50_b5	51,6	87,33656
