m10_z100_b1	54,9	1318,39096
m10_z100_b2	53,2	1457,85164
m10_z100_b5	54,6	1392,90853
m10_z20_b1	87,2	946,95541
m10_z20_b2	86	890,2365
m10_z20_b5	83,6	938,59167
m10_z50_b1	66,2	1141,75289
m10_z50_b2	71	1063,78373
m10_z50_b5	66,2	1036,56591
m20_z100_b1	66,6	4298,12687
m20_z100_b2	66	4361,71048
m20_z100_b5	62,4	4373,94929
m20_z50_b1	79,7	3896,7249
m20_z50_b2	79,1	3805,54961
m20_z50_b5	78,8	4241,4101
m2_z100_b1	80	454,89586
m2_z100_b2	67	452,25982
m2_z100_b5	67	508,77185
m2_z20_b1	80	501,47579
m2_z20_b2	80	456,61216
m2_z20_b5	80	504,44618
m2_z50_b1	80	489,2034
m2_z50_b2	80	460,15338
m2_z50_b5	67	463,32942
m5_z100_b1	59,2	844,00664
m5_z100_b2	51,8	778,60946
m5_z100_b5	53,7	725,08813
m5_z20_b1	79	564,98773
m5_z20_b2	84	543,586
m5_z20_b5	71,6	621,24503
m5_z50_b1	61,6	685,62508
m5_z50_b2	63,6	628,55759
m5_z50_b5	61,6	679,54234
